#           k/h    P           
    0.10000E-03    0.13411E+04
    0.10202E-03    0.13671E+04
    0.10408E-03    0.13935E+04
    0.10618E-03    0.14205E+04
    0.10833E-03    0.14480E+04
    0.11052E-03    0.14760E+04
    0.11275E-03    0.15045E+04
    0.11503E-03    0.15336E+04
    0.11735E-03    0.15633E+04
    0.11972E-03    0.15935E+04
    0.12214E-03    0.16243E+04
    0.12461E-03    0.16557E+04
    0.12712E-03    0.16878E+04
    0.12969E-03    0.17204E+04
    0.13231E-03    0.17536E+04
    0.13499E-03    0.17875E+04
    0.13771E-03    0.18221E+04
    0.14049E-03    0.18573E+04
    0.14333E-03    0.18932E+04
    0.14623E-03    0.19297E+04
    0.14918E-03    0.19670E+04
    0.15220E-03    0.20050E+04
    0.15527E-03    0.20437E+04
    0.15841E-03    0.20832E+04
    0.16161E-03    0.21234E+04
    0.16487E-03    0.21644E+04
    0.16820E-03    0.22061E+04
    0.17160E-03    0.22487E+04
    0.17507E-03    0.22921E+04
    0.17860E-03    0.23363E+04
    0.18221E-03    0.23813E+04
    0.18589E-03    0.24272E+04
    0.18965E-03    0.24740E+04
    0.19348E-03    0.25217E+04
    0.19739E-03    0.25702E+04
    0.20138E-03    0.26197E+04
    0.20544E-03    0.26702E+04
    0.20959E-03    0.27216E+04
    0.21383E-03    0.27740E+04
    0.21815E-03    0.28273E+04
    0.22255E-03    0.28817E+04
    0.22705E-03    0.29371E+04
    0.23164E-03    0.29936E+04
    0.23632E-03    0.30511E+04
    0.24109E-03    0.31097E+04
    0.24596E-03    0.31694E+04
    0.25093E-03    0.32302E+04
    0.25600E-03    0.32922E+04
    0.26117E-03    0.33553E+04
    0.26645E-03    0.34197E+04
    0.27183E-03    0.34852E+04
    0.27732E-03    0.35520E+04
    0.28292E-03    0.36200E+04
    0.28864E-03    0.36892E+04
    0.29447E-03    0.37598E+04
    0.30042E-03    0.38317E+04
    0.30649E-03    0.39049E+04
    0.31268E-03    0.39795E+04
    0.31899E-03    0.40554E+04
    0.32544E-03    0.41328E+04
    0.33201E-03    0.42116E+04
    0.33872E-03    0.42918E+04
    0.34556E-03    0.43735E+04
    0.35254E-03    0.44567E+04
    0.35966E-03    0.45415E+04
    0.36693E-03    0.46277E+04
    0.37434E-03    0.47156E+04
    0.38190E-03    0.48051E+04
    0.38962E-03    0.48962E+04
    0.39749E-03    0.49889E+04
    0.40552E-03    0.50833E+04
    0.41371E-03    0.51795E+04
    0.42207E-03    0.52773E+04
    0.43060E-03    0.53769E+04
    0.43929E-03    0.54783E+04
    0.44817E-03    0.55816E+04
    0.45722E-03    0.56866E+04
    0.46646E-03    0.57935E+04
    0.47588E-03    0.59024E+04
    0.48550E-03    0.60131E+04
    0.49530E-03    0.61258E+04
    0.50531E-03    0.62405E+04
    0.51552E-03    0.63571E+04
    0.52593E-03    0.64759E+04
    0.53656E-03    0.65966E+04
    0.54739E-03    0.67195E+04
    0.55845E-03    0.68445E+04
    0.56973E-03    0.69717E+04
    0.58124E-03    0.71010E+04
    0.59299E-03    0.72325E+04
    0.60496E-03    0.73663E+04
    0.61719E-03    0.75024E+04
    0.62965E-03    0.76407E+04
    0.64237E-03    0.77814E+04
    0.65535E-03    0.79244E+04
    0.66859E-03    0.80698E+04
    0.68210E-03    0.82176E+04
    0.69588E-03    0.83678E+04
    0.70993E-03    0.85205E+04
    0.72427E-03    0.86758E+04
    0.73891E-03    0.88335E+04
    0.75383E-03    0.89938E+04
    0.76906E-03    0.91566E+04
    0.78460E-03    0.93221E+04
    0.80045E-03    0.94901E+04
    0.81662E-03    0.96609E+04
    0.83311E-03    0.98343E+04
    0.84994E-03    0.10010E+05
    0.86711E-03    0.10189E+05
    0.88463E-03    0.10371E+05
    0.90250E-03    0.10555E+05
    0.92073E-03    0.10742E+05
    0.93933E-03    0.10932E+05
    0.95831E-03    0.11125E+05
    0.97767E-03    0.11321E+05
    0.99742E-03    0.11519E+05
    0.10176E-02    0.11720E+05
    0.10381E-02    0.11925E+05
    0.10591E-02    0.12132E+05
    0.10805E-02    0.12342E+05
    0.11023E-02    0.12555E+05
    0.11246E-02    0.12771E+05
    0.11473E-02    0.12990E+05
    0.11705E-02    0.13212E+05
    0.11941E-02    0.13436E+05
    0.12182E-02    0.13664E+05
    0.12429E-02    0.13895E+05
    0.12680E-02    0.14129E+05
    0.12936E-02    0.14365E+05
    0.13197E-02    0.14605E+05
    0.13464E-02    0.14847E+05
    0.13736E-02    0.15093E+05
    0.14013E-02    0.15341E+05
    0.14296E-02    0.15593E+05
    0.14585E-02    0.15847E+05
    0.14880E-02    0.16104E+05
    0.15180E-02    0.16364E+05
    0.15487E-02    0.16627E+05
    0.15800E-02    0.16893E+05
    0.16119E-02    0.17162E+05
    0.16445E-02    0.17433E+05
    0.16777E-02    0.17707E+05
    0.17116E-02    0.17984E+05
    0.17462E-02    0.18263E+05
    0.17814E-02    0.18545E+05
    0.18174E-02    0.18830E+05
    0.18541E-02    0.19117E+05
    0.18916E-02    0.19406E+05
    0.19298E-02    0.19698E+05
    0.19688E-02    0.19992E+05
    0.20086E-02    0.20289E+05
    0.20491E-02    0.20588E+05
    0.20905E-02    0.20889E+05
    0.21328E-02    0.21192E+05
    0.21758E-02    0.21497E+05
    0.22198E-02    0.21804E+05
    0.22646E-02    0.22113E+05
    0.23104E-02    0.22424E+05
    0.23571E-02    0.22736E+05
    0.24047E-02    0.23050E+05
    0.24533E-02    0.23365E+05
    0.25028E-02    0.23682E+05
    0.25534E-02    0.24000E+05
    0.26050E-02    0.24320E+05
    0.26576E-02    0.24640E+05
    0.27113E-02    0.24961E+05
    0.27660E-02    0.25283E+05
    0.28219E-02    0.25606E+05
    0.28789E-02    0.25929E+05
    0.29371E-02    0.26253E+05
    0.29964E-02    0.26576E+05
    0.30569E-02    0.26900E+05
    0.31187E-02    0.27224E+05
    0.31817E-02    0.27548E+05
    0.32460E-02    0.27872E+05
    0.33115E-02    0.28195E+05
    0.33784E-02    0.28517E+05
    0.34467E-02    0.28838E+05
    0.35163E-02    0.29159E+05
    0.35874E-02    0.29478E+05
    0.36598E-02    0.29795E+05
    0.37338E-02    0.30111E+05
    0.38092E-02    0.30426E+05
    0.38861E-02    0.30738E+05
    0.39646E-02    0.31048E+05
    0.40447E-02    0.31356E+05
    0.41264E-02    0.31662E+05
    0.42098E-02    0.31965E+05
    0.42948E-02    0.32264E+05
    0.43816E-02    0.32561E+05
    0.44701E-02    0.32854E+05
    0.45604E-02    0.33142E+05
    0.46525E-02    0.33426E+05
    0.47465E-02    0.33706E+05
    0.48424E-02    0.33981E+05
    0.49402E-02    0.34251E+05
    0.50400E-02    0.34517E+05
    0.51419E-02    0.34776E+05
    0.52457E-02    0.35031E+05
    0.53517E-02    0.35279E+05
    0.54598E-02    0.35521E+05
    0.55701E-02    0.35756E+05
    0.56826E-02    0.35984E+05
    0.57974E-02    0.36206E+05
    0.59145E-02    0.36419E+05
    0.60340E-02    0.36626E+05
    0.61559E-02    0.36824E+05
    0.62803E-02    0.37013E+05
    0.64072E-02    0.37195E+05
    0.65366E-02    0.37367E+05
    0.66686E-02    0.37530E+05
    0.68033E-02    0.37683E+05
    0.69408E-02    0.37826E+05
    0.70810E-02    0.37959E+05
    0.72240E-02    0.38081E+05
    0.73700E-02    0.38193E+05
    0.75189E-02    0.38293E+05
    0.76708E-02    0.38382E+05
    0.78257E-02    0.38458E+05
    0.79838E-02    0.38522E+05
    0.81451E-02    0.38574E+05
    0.83096E-02    0.38612E+05
    0.84775E-02    0.38637E+05
    0.86488E-02    0.38649E+05
    0.88235E-02    0.38646E+05
    0.90017E-02    0.38629E+05
    0.91836E-02    0.38597E+05
    0.93691E-02    0.38551E+05
    0.95583E-02    0.38489E+05
    0.97514E-02    0.38411E+05
    0.99484E-02    0.38317E+05
    0.10149E-01    0.38207E+05
    0.10354E-01    0.38081E+05
    0.10564E-01    0.37937E+05
    0.10777E-01    0.37776E+05
    0.10995E-01    0.37599E+05
    0.11217E-01    0.37403E+05
    0.11443E-01    0.37190E+05
    0.11675E-01    0.36958E+05
    0.11910E-01    0.36708E+05
    0.12151E-01    0.36439E+05
    0.12397E-01    0.36151E+05
    0.12647E-01    0.35844E+05
    0.12902E-01    0.35519E+05
    0.13163E-01    0.35177E+05
    0.13429E-01    0.34817E+05
    0.13700E-01    0.34440E+05
    0.13977E-01    0.34042E+05
    0.14259E-01    0.33624E+05
    0.14547E-01    0.33182E+05
    0.14841E-01    0.32717E+05
    0.15141E-01    0.32231E+05
    0.15447E-01    0.31731E+05
    0.15759E-01    0.31222E+05
    0.16077E-01    0.30712E+05
    0.16402E-01    0.30203E+05
    0.16734E-01    0.29696E+05
    0.17072E-01    0.29180E+05
    0.17416E-01    0.28650E+05
    0.17768E-01    0.28099E+05
    0.18127E-01    0.27520E+05
    0.18493E-01    0.26914E+05
    0.18867E-01    0.26283E+05
    0.19248E-01    0.25629E+05
    0.19637E-01    0.24956E+05
    0.20034E-01    0.24265E+05
    0.20438E-01    0.23563E+05
    0.20851E-01    0.22853E+05
    0.21272E-01    0.22142E+05
    0.21702E-01    0.21433E+05
    0.22141E-01    0.20731E+05
    0.22588E-01    0.20037E+05
    0.23044E-01    0.19351E+05
    0.23510E-01    0.18676E+05
    0.23985E-01    0.18011E+05
    0.24469E-01    0.17356E+05
    0.24964E-01    0.16712E+05
    0.25468E-01    0.16078E+05
    0.25982E-01    0.15454E+05
    0.26507E-01    0.14839E+05
    0.27043E-01    0.14234E+05
    0.27589E-01    0.13640E+05
    0.28146E-01    0.13060E+05
    0.28715E-01    0.12496E+05
    0.29295E-01    0.11950E+05
    0.29887E-01    0.11423E+05
    0.30490E-01    0.10917E+05
    0.31106E-01    0.10435E+05
    0.31735E-01    0.99782E+04
    0.32376E-01    0.95471E+04
    0.33030E-01    0.91426E+04
    0.33697E-01    0.87645E+04
    0.34378E-01    0.84123E+04
    0.35072E-01    0.80853E+04
    0.35781E-01    0.77830E+04
    0.36504E-01    0.75047E+04
    0.37241E-01    0.72506E+04
    0.37993E-01    0.70209E+04
    0.38761E-01    0.68156E+04
    0.39544E-01    0.66350E+04
    0.40343E-01    0.64785E+04
    0.41158E-01    0.63440E+04
    0.41989E-01    0.62295E+04
    0.42838E-01    0.61334E+04
    0.43703E-01    0.60539E+04
    0.44586E-01    0.59897E+04
    0.45486E-01    0.59390E+04
    0.46405E-01    0.59005E+04
    0.47343E-01    0.58728E+04
    0.48299E-01    0.58534E+04
    0.49275E-01    0.58392E+04
    0.50270E-01    0.58275E+04
    0.51286E-01    0.58154E+04
    0.52322E-01    0.57995E+04
    0.53379E-01    0.57768E+04
    0.54457E-01    0.57440E+04
    0.55557E-01    0.56981E+04
    0.56680E-01    0.56359E+04
    0.57825E-01    0.55547E+04
    0.58993E-01    0.54527E+04
    0.60184E-01    0.53292E+04
    0.61400E-01    0.51839E+04
    0.62641E-01    0.50168E+04
    0.63906E-01    0.48277E+04
    0.65197E-01    0.46177E+04
    0.66514E-01    0.43925E+04
    0.67858E-01    0.41607E+04
    0.69229E-01    0.39286E+04
    0.70627E-01    0.36936E+04
    0.72054E-01    0.34516E+04
    0.73510E-01    0.32050E+04
    0.74994E-01    0.29642E+04
    0.76509E-01    0.27377E+04
    0.78055E-01    0.25300E+04
    0.79632E-01    0.23435E+04
    0.81241E-01    0.21797E+04
    0.82882E-01    0.20398E+04
    0.84556E-01    0.19245E+04
    0.86264E-01    0.18334E+04
    0.88007E-01    0.17649E+04
    0.89785E-01    0.17176E+04
    0.91598E-01    0.16895E+04
    0.93449E-01    0.16778E+04
    0.95337E-01    0.16801E+04
    0.97263E-01    0.16921E+04
    0.99227E-01    0.17096E+04
    0.10123E+00    0.17282E+04
    0.10328E+00    0.17430E+04
    0.10536E+00    0.17493E+04
    0.10749E+00    0.17431E+04
    0.10966E+00    0.17207E+04
    0.11188E+00    0.16792E+04
    0.11414E+00    0.16179E+04
    0.11644E+00    0.15378E+04
    0.11880E+00    0.14425E+04
    0.12120E+00    0.13375E+04
    0.12365E+00    0.12292E+04
    0.12614E+00    0.11236E+04
    0.12869E+00    0.10257E+04
    0.13129E+00    0.93918E+03
    0.13394E+00    0.86683E+03
    0.13665E+00    0.81020E+03
    0.13941E+00    0.76998E+03
    0.14223E+00    0.74539E+03
    0.14510E+00    0.73453E+03
    0.14803E+00    0.73379E+03
    0.15102E+00    0.73892E+03
    0.15407E+00    0.74528E+03
    0.15718E+00    0.74857E+03
    0.16036E+00    0.74484E+03
    0.16360E+00    0.73091E+03
    0.16690E+00    0.70522E+03
    0.17028E+00    0.66862E+03
    0.17371E+00    0.62409E+03
    0.17722E+00    0.57580E+03
    0.18080E+00    0.52817E+03
    0.18446E+00    0.48540E+03
    0.18818E+00    0.45058E+03
    0.19198E+00    0.42520E+03
    0.19586E+00    0.40894E+03
    0.19982E+00    0.40009E+03
    0.20386E+00    0.39608E+03
    0.20797E+00    0.39390E+03
    0.21218E+00    0.39035E+03
    0.21646E+00    0.38250E+03
    0.22083E+00    0.36884E+03
    0.22530E+00    0.34988E+03
    0.22985E+00    0.32757E+03
    0.23449E+00    0.30452E+03
    0.23923E+00    0.28342E+03
    0.24406E+00    0.26624E+03
    0.24899E+00    0.25380E+03
    0.25402E+00    0.24550E+03
    0.25915E+00    0.23977E+03
    0.26439E+00    0.23472E+03
    0.26973E+00    0.22856E+03
    0.27518E+00    0.22015E+03
    0.28074E+00    0.20942E+03
    0.28641E+00    0.19736E+03
    0.29219E+00    0.18551E+03
    0.29810E+00    0.17516E+03
    0.30412E+00    0.16691E+03
    0.31026E+00    0.16056E+03
    0.31653E+00    0.15535E+03
    0.32292E+00    0.15022E+03
    0.32945E+00    0.14439E+03
    0.33610E+00    0.13770E+03
    0.34289E+00    0.13055E+03
    0.34982E+00    0.12366E+03
    0.35689E+00    0.11761E+03
    0.36409E+00    0.11249E+03
    0.37145E+00    0.10806E+03
    0.37895E+00    0.10381E+03
    0.38661E+00    0.99381E+02
    0.39442E+00    0.94722E+02
    0.40239E+00    0.90074E+02
    0.41052E+00    0.85735E+02
    0.41881E+00    0.81843E+02
    0.42727E+00    0.78316E+02
    0.43590E+00    0.74957E+02
    0.44471E+00    0.71579E+02
    0.45369E+00    0.68225E+02
    0.46286E+00    0.65016E+02
    0.47221E+00    0.62034E+02
    0.48174E+00    0.59239E+02
    0.49148E+00    0.56564E+02
    0.50141E+00    0.53967E+02
    0.51153E+00    0.51461E+02
    0.52187E+00    0.49068E+02
    0.53241E+00    0.46802E+02
    0.54317E+00    0.44650E+02
    0.55414E+00    0.42598E+02
    0.56533E+00    0.40636E+02
    0.57675E+00    0.38759E+02
    0.58840E+00    0.36963E+02
    0.60029E+00    0.35245E+02
    0.61242E+00    0.33604E+02
    0.62479E+00    0.32034E+02
    0.63741E+00    0.30535E+02
    0.65029E+00    0.29103E+02
    0.66342E+00    0.27735E+02
    0.67683E+00    0.26430E+02
    0.69050E+00    0.25183E+02
    0.70445E+00    0.23994E+02
    0.71868E+00    0.22859E+02
    0.73320E+00    0.21776E+02
    0.74801E+00    0.20743E+02
    0.76312E+00    0.19758E+02
    0.77854E+00    0.18820E+02
    0.79426E+00    0.17925E+02
    0.81031E+00    0.17072E+02
    0.82668E+00    0.16258E+02
    0.84338E+00    0.15483E+02
    0.86041E+00    0.14744E+02
    0.87780E+00    0.14040E+02
    0.89553E+00    0.13369E+02
    0.91362E+00    0.12729E+02
    0.93208E+00    0.12119E+02
    0.95091E+00    0.11538E+02
    0.97011E+00    0.10984E+02
    0.98971E+00    0.10456E+02
    0.10097E+01    0.99534E+01
    0.10301E+01    0.94741E+01
    0.10509E+01    0.90174E+01
    0.10721E+01    0.85822E+01
    0.10938E+01    0.81675E+01
    0.11159E+01    0.77725E+01
    0.11384E+01    0.73961E+01
    0.11614E+01    0.70375E+01
    0.11849E+01    0.66960E+01
    0.12088E+01    0.63706E+01
    0.12333E+01    0.60607E+01
    0.12582E+01    0.57656E+01
    0.12836E+01    0.54845E+01
    0.13095E+01    0.52168E+01
    0.13360E+01    0.49619E+01
    0.13630E+01    0.47191E+01
    0.13905E+01    0.44880E+01
    0.14186E+01    0.42680E+01
    0.14472E+01    0.40585E+01
    0.14765E+01    0.38590E+01
    0.15063E+01    0.36692E+01
    0.15367E+01    0.34885E+01
    0.15678E+01    0.33165E+01
    0.15994E+01    0.31528E+01
    0.16318E+01    0.29971E+01
    0.16647E+01    0.28489E+01
    0.16984E+01    0.27080E+01
    0.17327E+01    0.25739E+01
    0.17677E+01    0.24464E+01
    0.18034E+01    0.23251E+01
    0.18398E+01    0.22098E+01
    0.18770E+01    0.21002E+01
    0.19149E+01    0.19959E+01
    0.19536E+01    0.18968E+01
    0.19930E+01    0.18026E+01
    0.20333E+01    0.17131E+01
    0.20744E+01    0.16280E+01
