# # First row is parameter values (first value is 99.0)
# # Second row is sigma_8 (first value is 99.0)
# # First column is k (Mpc/h), second column is P(k,z =0)
# # parmeter being varied is omch2
# # model type = fiducial
9.900000000000000000e+01 1.000000000000000021e-02 6.444444444444444309e-02 1.188888888888888773e-01 1.733333333333333393e-01 2.277777777777777735e-01 2.822222222222222077e-01 3.366666666666666696e-01 3.911111111111110761e-01 4.455555555555555380e-01 5.000000000000000000e-01
9.900000000000000000e+01 1.096767636322479728e-01 5.109470815202991067e-01 7.947091773088246214e-01 9.941267687233483752e-01 1.138425413003749442e+00 1.244365212961771272e+00 1.322000303519144992e+00 1.380299941111096107e+00 1.425138900607229475e+00 1.458849603102066128e+00
1.000000000000000048e-04 4.133803449508723133e+03 9.870645885180806545e+02 4.735363526291243943e+02 2.864686078359612793e+02 1.950648119565001650e+02 1.427759723020521108e+02 1.097372639246940480e+02 8.737721810431345659e+01 7.146140179720678987e+01 5.968592651035714880e+01
1.047370897959449686e-04 4.320336444418573592e+03 1.031851011182282491e+03 4.950385763687769440e+02 2.994797599813670104e+02 2.039254957508492225e+02 1.492618729069581320e+02 1.147224828861777866e+02 9.134675166992586526e+01 7.470793193630053963e+01 6.239752984342885611e+01
1.096985797892383675e-04 4.515159821042419026e+03 1.078663575213156491e+03 5.175159275281299642e+02 3.130814367263217264e+02 2.131884930987196469e+02 1.560423157429245578e+02 1.199341267350285278e+02 9.549658562338100865e+01 7.810193767994579161e+01 6.523231158414611741e+01
1.148951000187309178e-04 4.718623898626830851e+03 1.127592994269893097e+03 5.410124545724145264e+02 3.273003826156009950e+02 2.228720318741017934e+02 1.631306510514172032e+02 1.253824743247003255e+02 9.983490611450132235e+01 8.165011835193148215e+01 6.819586202496863336e+01
1.203377840777589472e-04 4.931091580533770866e+03 1.178733991873637478e+03 5.655741684102295039e+02 3.421645477498468040e+02 2.329951656880064093e+02 1.705408476277674765e+02 1.310782661686520498e+02 1.043702714315556648e+02 8.535946615752887112e+01 7.129402428164546279e+01
1.260382929679727457e-04 5.152937976349437122e+03 1.232185486818816344e+03 5.912491287690407944e+02 3.577031362821426796e+02 2.435778161551414769e+02 1.782875150227973506e+02 1.370327234811842629e+02 1.091116297711897403e+02 8.923729168492855024e+01 7.453291377580266897e+01
1.320088400831417777e-04 5.384550593786612808e+03 1.288050648301895080e+03 6.180874992280942024e+02 3.739466625074157378e+02 2.546408067690403527e+02 1.863859136015381068e+02 1.432575659229692349e+02 1.140683319105489630e+02 9.329124551518391684e+01 7.791892655355718489e+01
1.382622173764655948e-04 5.626329330390227369e+03 1.346436958268456692e+03 6.461416715990068269e+02 3.909269912013048724e+02 2.662059042843607699e+02 1.948519845357995735e+02 1.497650503078264137e+02 1.192501407897628383e+02 9.752932428207347471e+01 8.145873937827529687e+01
1.448118227674533498e-04 5.878685930513060157e+03 1.407456503486134125e+03 6.754664002887386687e+02 4.086774112142066997e+02 2.782958555537744019e+02 2.037023876236060573e+02 1.565680094502588702e+02 1.246672596942145077e+02 1.019598762672380161e+02 8.515932455879681129e+01
1.516716888470922740e-04 6.142044784889792936e+03 1.471226094476620119e+03 7.061188813238308057e+02 4.272327060054996650e+02 2.909344148283698246e+02 2.129545334695229428e+02 1.636798575261790347e+02 1.303303595892032547e+02 1.065916276455698437e+02 8.902797862205460433e+01
1.588565129428052810e-04 6.416841738516110127e+03 1.537867499198872110e+03 7.381587250910492912e+02 4.466292194783444529e+02 3.041463990757424654e+02 2.226266219933965260e+02 1.711146009592748385e+02 1.362505977906140515e+02 1.114337196908129783e+02 9.307233892536709163e+01
1.663816886076128847e-04 6.703524941930022578e+03 1.607507461849538231e+03 7.716480995496523292e+02 4.669049223256877212e+02 3.179577324015709223e+02 2.327376811132958210e+02 1.788868740433877349e+02 1.424396482002613027e+02 1.164957145972521317e+02 9.730038324250722326e+01
1.742633386009649968e-04 7.002552212753824278e+03 1.680278026292754475e+03 8.066520172799446300e+02 4.880994826048965365e+02 3.323955007228688032e+02 2.433075940541399689e+02 1.870119610582486871e+02 1.489097174026040022e+02 1.217875841698561175e+02 1.017204388400386819e+02
1.825183494319043405e-04 7.314392796266814003e+03 1.756316726019984117e+03 8.432384584899342599e+02 5.102542917649471406e+02 3.474880253845924472e+02 2.543571283503478355e+02 1.955058338025280307e+02 1.556735401970819623e+02 1.273197375168185062e+02 1.063412112786984665e+02
1.911644075385702070e-04 7.639524213219765443e+03 1.835766809748221476e+03 8.814782193251531908e+02 5.334125284276390175e+02 3.632649132595348078e+02 2.659079816671471690e+02 2.043852046780073408e+02 1.627444106249771210e+02 1.331030664783325506e+02 1.111718080398618156e+02
2.002200371815584276e-04 7.978433851995297118e+03 1.918777112259770092e+03 9.214449407482625247e+02 5.576193164536715585e+02 3.797570638773883047e+02 2.779828148788485009e+02 2.136675504198833551e+02 1.701362411868247193e+02 1.391489663038476010e+02 1.162217497059139504e+02
2.097046401323232167e-04 8.331615708950626868e+03 2.005502295702464835e+03 9.632154995369262451e+02 5.829218384169269029e+02 3.969967200667195470e+02 2.906053065027566618e+02 2.233711104180254949e+02 1.778635914263103359e+02 1.454693438142945752e+02 1.215009841991380313e+02
2.196385372416545924e-04 8.699571168503602166e+03 2.096103208368236210e+03 1.006870219891285274e+03 6.093693434655605188e+02 4.150175635134414165e+02 3.038002184301909665e+02 2.335149248215383579e+02 1.859416634640242023e+02 1.520766387383047231e+02 1.270199084195250521e+02
2.300430119772917776e-04 9.082806643405951036e+03 2.190747066937421096e+03 1.052492867327078784e+03 6.370131651204325181e+02 4.338547809287836685e+02 3.175934300966914634e+02 2.441189023769228186e+02 1.943863221034223443e+02 1.589838489794574343e+02 1.327893882749662566e+02
2.409403560239524868e-04 9.481832790413751354e+03 2.289607474567661484e+03 1.100170653175158577e+03 6.659068776174069626e+02 4.535451334316252883e+02 3.320119433152516422e+02 2.552038625789194555e+02 2.032141511030808942e+02 1.662045531081691081e+02 1.388207801363858778e+02
2.523539170434766117e-04 9.897162014627321696e+03 2.392864308144321967e+03 1.149994472971777668e+03 6.961063831505626922e+02 4.741270334878292942e+02 3.470839457420003100e+02 2.667915536294706840e+02 2.124424944456196158e+02 1.737529441227123073e+02 1.451259503012861671e+02
2.643081486974104954e-04 1.032930526037712480e+04 2.500704210082973532e+03 1.202058973944868967e+03 7.276700217207493324e+02 4.956405776695305008e+02 3.628389057961912272e+02 2.789046861061162872e+02 2.220894763308454003e+02 1.816438621719985349e+02 1.517172987015899253e+02
2.768286630392065599e-04 1.077877285120020861e+04 2.613320434376239064e+03 1.256462759623337433e+03 7.606586373549010887e+02 5.181275375414146538e+02 3.793076273060597146e+02 2.915669822836326830e+02 2.321740281037695581e+02 1.898928161953055564e+02 1.586077864086326201e+02
2.899422853882876647e-04 1.124606969770127034e+04 2.730913334646624662e+03 1.313308407175713455e+03 7.951357018239177705e+02 5.416315144951729508e+02 3.965222389082978225e+02 3.048032134842968617e+02 2.427159280282611462e+02 1.985160071981156023e+02 1.658109609915114504e+02
3.036771118035457777e-04 1.173169648200692973e+04 2.853690127064493481e+03 1.372702695603296888e+03 8.311673825385889813e+02 5.661980969049028545e+02 4.145162318081918897e+02 3.186392557874452791e+02 2.537358303819922867e+02 2.075303616362054981e+02 1.733409749432949809e+02
3.180625692794118915e-04 1.223614334026178949e+04 2.981865322105421455e+03 1.434756647094711298e+03 8.688226671710742721e+02 5.918748969952764583e+02 4.333246055325054158e+02 3.331021382269726701e+02 2.652553100700392292e+02 2.169535535316813082e+02 1.812126082084980396e+02
3.331294787934673180e-04 1.275989074721419274e+04 3.115660081443929357e+03 1.499585737477637849e+03 9.081734315233866255e+02 6.187115155179710655e+02 4.529839673584392017e+02 3.482200909126769375e+02 2.772968952349534675e+02 2.268040460657165625e+02 1.894413078309285652e+02
3.489101213406771624e-04 1.330339989047727613e+04 3.255302781832171149e+03 1.567310050012336205e+03 9.492945513805533437e+02 6.467596618150819268e+02 4.735325294511231959e+02 3.640225774757660133e+02 2.898841165460696061e+02 2.371011375317744694e+02 1.980432240695440953e+02
3.654383070957255785e-04 1.386711521467747298e+04 3.401028918118423917e+03 1.638054435988843352e+03 9.922640314599664180e+02 6.760732417068711584e+02 4.950101204236656258e+02 3.805403631416669441e+02 3.030415678231254901e+02 2.478649941143433466e+02 2.070352290080125499e+02
3.827494478516312048e-04 1.445145951142981176e+04 3.553081322624757831e+03 1.711948440269713274e+03 1.037163100112620668e+03 7.067084550865072288e+02 5.174582911521973756e+02 3.978055843507166855e+02 3.167949473157938201e+02 2.591166647438149653e+02 2.164349277846826851e+02
4.008806328898464845e-04 1.505683252973208982e+04 3.711709712740893337e+03 1.789126333565723371e+03 1.084076339151384218e+03 7.387239495438105905e+02 5.409203381290843708e+02 4.158518022317211944e+02 3.311710640139659745e+02 2.708781233737137200e+02 2.262607100907096935e+02
4.198707084443908553e-04 1.568360138601909603e+04 3.877170555351852727e+03 1.869727473838749347e+03 1.133091735445725590e+03 7.721809277101554017e+02 5.654414375361226348e+02 4.347140100885246170e+02 3.461978865519915303e+02 2.831723316022772110e+02 2.365318068791532937e+02
4.397603609302718668e-04 1.633209771421750520e+04 4.049727323512120165e+03 1.953896354620413604e+03 1.184300855817518595e+03 8.071431255991958551e+02 5.910688153045231275e+02 4.544287026277951327e+02 3.619046322450529374e+02 2.960232836717707414e+02 2.472683154403703725e+02
4.605922041145105693e-04 1.700261385958199389e+04 4.229650002753213812e+03 2.041782800166457719e+03 1.237798843029732325e+03 8.436768226627135618e+02 6.178517743961682527e+02 4.750339799395748628e+02 3.783218262780789587e+02 3.094560267868876622e+02 2.584912001625503990e+02
4.824108704165368721e-04 1.769539680289651369e+04 4.417215229092978916e+03 2.133541837380961169e+03 1.293684651456670736e+03 8.818510619325691096e+02 6.458415623319840506e+02 4.965696168350087305e+02 3.954813175305026789e+02 3.234966952184639695e+02 2.702223393736035746e+02
5.052631065335679277e-04 1.841064176700891039e+04 4.612704981751824562e+03 2.229334005244856598e+03 1.352061059633929972e+03 9.217377311846776138e+02 6.750915109204419196e+02 5.190770766044292941e+02 4.134163067925164228e+02 3.381725704546020665e+02 2.824845890832557984e+02
5.291978735958440157e-04 1.914847932680435770e+04 4.816407681528075955e+03 2.329325034953240447e+03 1.413034878501821595e+03 9.634116946165271429e+02 7.056572904496308638e+02 5.425995451913688612e+02 4.321614390862449113e+02 3.535121211493297437e+02 2.953018262045186475e+02
5.542664520663104742e-04 1.990897574768618506e+04 5.028617464208955425e+03 2.433686327027062816e+03 1.476716877849308048e+03 1.006950833351061988e+03 7.375970033206699554e+02 5.671820816608153564e+02 4.517528572657239465e+02 3.695450658735422280e+02 3.086989760261923834e+02
5.805225516094897299e-04 2.069211392098556826e+04 5.249634232191149749e+03 2.542594833531547010e+03 1.543222012781721787e+03 1.052436200129875033e+03 7.709711045155848979e+02 5.928717206488823876e+02 4.722282761010617946e+02 3.863024224839828662e+02 3.227020500745819049e+02
6.080224261649421489e-04 2.149779677365440875e+04 5.479760880597867072e+03 2.656233300254935784e+03 1.612669491430020798e+03 1.099952016018933818e+03 8.058424375367136463e+02 6.197174965249969318e+02 4.936270427929875950e+02 4.038165624325286558e+02 3.373381937574943663e+02
6.368249944718586218e-04 2.232581975223039990e+04 5.719304258095897239e+03 2.774789567507423271e+03 1.685182921932763065e+03 1.149585849312719120e+03 8.422764583434691303e+02 6.477704296401618649e+02 5.159901984327240143e+02 4.221212400436583607e+02 3.526357164800901387e+02
6.669919663030119154e-04 2.317587932203891978e+04 5.968573804433714031e+03 2.898456942714196430e+03 1.760890343827936931e+03 1.201428614743377921e+03 8.803413376321421993e+02 6.770836747536451412e+02 5.393604775148679664e+02 4.412516671445593488e+02 3.686241661393848972e+02
6.985879746785244931e-04 2.404754951552651255e+04 6.227881518304277051e+03 3.027434392009358817e+03 1.839924281201957228e+03 1.255574733898678687e+03 9.201080325284002583e+02 7.077125717296920584e+02 5.637824163320469779e+02 4.612445544895896319e+02 3.853343887070616347e+02
7.316807143427194859e-04 2.494028520990319521e+04 6.497539999295441703e+03 3.161926599159310172e+03 1.922421854309781793e+03 1.312122151152703282e+03 9.616503046884062087e+02 7.397147629742578374e+02 5.893024264920608175e+02 4.821381851600007735e+02 4.027985728550426643e+02
7.663410868007456550e-04 2.585339940885971009e+04 6.777861509322217898e+03 3.302143412968090161e+03 2.008524677878892362e+03 1.371172447285581484e+03 1.005044847804001620e+03 7.731502546359258758e+02 6.159688789960840722e+02 5.039724596105354522e+02 4.210502646144744858e+02
8.026433522257172539e-04 2.678606142547540367e+04 7.069156255215679266e+03 3.448299556760698124e+03 2.098379134080765652e+03 1.432831039863188835e+03 1.050371180784947001e+03 8.080815189592271963e+02 6.438321762781971529e+02 5.267889681126044934e+02 4.401244448644515614e+02
8.406652885618322952e-04 2.773730219929350642e+04 7.371729670119394541e+03 3.600614701042559773e+03 2.192136156292771375e+03 1.497207273679345008e+03 1.097711922708852171e+03 8.445734864957566970e+02 6.729448306675678850e+02 5.506310537670494796e+02 4.600575700915304651e+02
8.804883581643459635e-04 2.870600723123417265e+04 7.685882724727540335e+03 3.759312774101526884e+03 2.289951532455250799e+03 1.564414353286078267e+03 1.147152981425687358e+03 8.826936559855735140e+02 7.033614463962024956e+02 5.755438798060816907e+02 4.808876426845791343e+02
9.221978823334323712e-04 2.969090422555952682e+04 8.011907725341287005e+03 3.924622093079218303e+03 2.391985492133014759e+03 1.634569166487116490e+03 1.198783630167095453e+03 9.225122269313828838e+02 7.351387631741600899e+02 6.015744698159204518e+02 5.026542677527534124e+02
9.658832241158701306e-04 3.069054738377237663e+04 8.350088717877224553e+03 4.096773931035253554e+03 2.498403071420657398e+03 1.707792726109899604e+03 1.252696300862246289e+03 9.641021880601474550e+02 7.683358699600810269e+02 6.287717525663304059e+02 5.253987169336178340e+02
1.011637979766206877e-03 3.170331422797313280e+04 8.700694252013618097e+03 4.276003286491942163e+03 2.609373499716271908e+03 1.784210205750658361e+03 1.308986756896048746e+03 1.007539294660850601e+03 8.030143138243578278e+02 6.571866792533915032e+02 5.491639882291092363e+02
1.059560179277615295e-03 3.272737385263535543e+04 9.063980116326405550e+03 4.462547274290016503e+03 2.725070573581024746e+03 1.863950970793276156e+03 1.367754172406192993e+03 1.052902056957399964e+03 8.392380682431521564e+02 6.868722829426649241e+02 5.739948608789413811e+02
1.109752496412071696e-03 3.376075210173927189e+04 9.440183537948441881e+03 4.656645644086659559e+03 2.845672149577217169e+03 1.947147972382512989e+03 1.429101219830943137e+03 1.100272023033209052e+03 8.770734492740257338e+02 7.178837502430702671e+02 5.999379460964206601e+02
1.162322468679852228e-03 3.480145308450215816e+04 9.829524166228578906e+03 4.858538192102239918e+03 2.971360276068707208e+03 2.033938274716656906e+03 1.493134156990209476e+03 1.149733884958936869e+03 9.165893622105913892e+02 7.502784231554110193e+02 6.270416953269317446e+02
1.217382727739660777e-03 3.584734930921416526e+04 1.023219924157135392e+04 5.068465527093332639e+03 3.102320449990675570e+03 2.124462972115952198e+03 1.559962840136867953e+03 1.201375440149160340e+03 9.578573607481555428e+02 7.841159284013841670e+02 6.553565462281404734e+02
1.275051240713012809e-03 3.689604182491971005e+04 1.064838242901610101e+04 5.286666465132576377e+03 3.238741371888875165e+03 2.218867341909543029e+03 1.629700721885269786e+03 1.255287297786448335e+03 1.000951764557810520e+03 8.194581649463225403e+02 6.849349939092038539e+02
1.335451562929898311e-03 3.794491582964497502e+04 1.107821318824560876e+04 5.513378353638903718e+03 3.380815089965459265e+03 2.317300087104843442e+03 1.702464621096405153e+03 1.311563292215354295e+03 1.045949637969201831e+03 8.563694560888919796e+02 7.158316535491068180e+02
1.398713102647237494e-03 3.899114957628695993e+04 1.152179420785556977e+04 5.748835380795284436e+03 3.528736396008363954e+03 2.419913524988460722e+03 1.778375062571339186e+03 1.370300609937685067e+03 1.092930918711789673e+03 8.949165955434436910e+02 7.481032058614014204e+02
1.464971398307285183e-03 4.003173242138312344e+04 1.197919323218843783e+04 5.993267929981591806e+03 3.682702606193457086e+03 2.526863591640300911e+03 1.857556054320670683e+03 1.431599831269493961e+03 1.141978238103818285e+03 9.351689421900811112e+02 7.818085443126976770e+02
1.534368408930011527e-03 4.106355368560341594e+04 1.245043884974803586e+04 6.246900539835811287e+03 3.842912020806305009e+03 2.638309737038731782e+03 1.940135271810123186e+03 1.495564403208197064e+03 1.193177103558530234e+03 9.771982642432712964e+02 8.170088017372012246e+02
1.607052818261638658e-03 4.208341693414270412e+04 1.293551590292679430e+04 6.509950102916101059e+03 4.009564569795691568e+03 2.754414462196426030e+03 2.026243416588966511e+03 1.562300946976666864e+03 1.246615940632058027e+03 1.021078883079503498e+03 8.537674519420734214e+02
1.683180353330956123e-03 4.308800300352666090e+04 1.343435642583342087e+04 6.782624566695281828e+03 4.182859864413872856e+03 2.875342694371787275e+03 2.116014663101648239e+03 1.631919332684957681e+03 1.302386179159517724e+03 1.066887798107549543e+03 8.921502682781754174e+02
1.762914118095946624e-03 4.407388208081107587e+04 1.394684305347387817e+04 7.065119472679780301e+03 4.362997927890133724e+03 3.001262186114976430e+03 2.209586191682733897e+03 1.704532760305990678e+03 1.360582153663211102e+03 1.114704758051866293e+03 9.322253976060303557e+02
1.846424942895543049e-03 4.503754107451104210e+04 1.447280307523919146e+04 7.357618674225410359e+03 4.550177027220053787e+03 3.132342713035390716e+03 2.307098451943449618e+03 1.780257474977970787e+03 1.421301085471782017e+03 1.164612191018233034e+03 9.740634325028531748e+02
1.933891750455229942e-03 4.597542655569084309e+04 1.501200650560210852e+04 7.660290371932926064e+03 4.744594086193233125e+03 3.268756195860871685e+03 2.408694732011274482e+03 1.859212701364211625e+03 1.484643147960906617e+03 1.216695176807584858e+03 1.017737428164742937e+03
2.025501939230665762e-03 4.688393517949143279e+04 1.556415423554563131e+04 7.973287167362232140e+03 4.946441749834310940e+03 3.410675089040073544e+03 2.514521202434359111e+03 1.941520715801832011e+03 1.550711313494459318e+03 1.271041500666610773e+03 1.063322948574574184e+03
2.121451784910629440e-03 4.775945490679648356e+04 1.612888024771457822e+04 8.296740276850758164e+03 5.155908635688561844e+03 3.558273053532087033e+03 2.624725989820312861e+03 2.027306611153465838e+03 1.619611539336680607e+03 1.327741476830856755e+03 1.110897952742737971e+03
2.221946860939522182e-03 4.859834792947599635e+04 1.670574519562110800e+04 8.630760850965434656e+03 5.373178099916980500e+03 3.711723261612142778e+03 2.739458922055178391e+03 2.116698351081045530e+03 1.691452508256382998e+03 1.386888326666151670e+03 1.160543056230008460e+03
2.327202478960407363e-03 4.939691738508693379e+04 1.729423499015361449e+04 8.975435306548541121e+03 5.598427363119015354e+03 3.871198913983023886e+03 2.858872012625288335e+03 2.209826230473978285e+03 1.766345875758404873e+03 1.448578223395754549e+03 1.212341518649166346e+03
2.437444150122219325e-03 5.015147219231541385e+04 1.789374822210015918e+04 9.330824778039906960e+03 5.831824126891461674e+03 4.036871684601238030e+03 2.983119094739255161e+03 2.306822854851177908e+03 1.844405960324705347e+03 1.512909975351746880e+03 1.266379174549235586e+03
2.552908068239516035e-03 5.085849169199964672e+04 1.850359468382556588e+04 9.696956277296527333e+03 6.073524020847468819e+03 4.208911653964096331e+03 3.112354417881009340e+03 2.407821629787182246e+03 1.925749668498854817e+03 1.579983723225425138e+03 1.322743519042596063e+03
2.673841615839946031e-03 5.151456332361321256e+04 1.912299845815773369e+04 1.007382395554280993e+04 6.323676045125633209e+03 4.387483873745121855e+03 3.246730374428538653e+03 2.512958713946450189e+03 2.010494760676232772e+03 1.649902458720726145e+03 1.381524620980730788e+03
2.800503894183629678e-03 5.211566063994907745e+04 1.975109465772012481e+04 1.046139440317052504e+04 6.582424315112939439e+03 4.572748295310319008e+03 3.386401326547696954e+03 2.622376417078330178e+03 2.098761334309172980e+03 1.722775139550053609e+03 1.442817590210768913e+03
2.933166278390042427e-03 5.265725467750046664e+04 2.038690853265688202e+04 1.085960250269376411e+04 6.849888376150395743e+03 4.764865561621651068e+03 3.531527339128649601e+03 2.736218269713352583e+03 2.190675761110279382e+03 1.798713730004885747e+03 1.506721197048838803e+03
3.072112998861756435e-03 5.313672789307303901e+04 2.102933467236439537e+04 1.126830961503733852e+04 7.126130460414600748e+03 4.963997147901027347e+03 3.682264071290517222e+03 2.854607799750806862e+03 2.286368057789287377e+03 1.877818485995208675e+03 1.573326692963823916e+03
3.217641750250735053e-03 5.355413135486145620e+04 2.167719585831217773e+04 1.168729437595903983e+04 7.411216348318317614e+03 5.170278885245274978e+03 3.838735508036900683e+03 2.977662257770294673e+03 2.385953314746289379e+03 1.960185049605666791e+03 1.642719130870261552e+03
3.370064329271926437e-03 5.390675661059668346e+04 2.232930172335619500e+04 1.211637890095764851e+04 7.705346526243033622e+03 5.383802055740537071e+03 4.001065090812421658e+03 3.105572186919686828e+03 2.489535734222567953e+03 2.045959117628287459e+03 1.715017451022037449e+03
3.529707302730648259e-03 5.418537165948552865e+04 2.298429430513647458e+04 1.255549365854651478e+04 8.008685292868311990e+03 5.604699167866456264e+03 4.169482075215195437e+03 3.238579167143105678e+03 2.597275439304889005e+03 2.135329834162756924e+03 1.790387163973721954e+03
3.696912707195024878e-03 5.438230821625045792e+04 2.364030231592030395e+04 1.300424189127939644e+04 8.320771396700249170e+03 5.833242897466611794e+03 4.344244652635770763e+03 3.376671104244644539e+03 2.709397853324495827e+03 2.228325614182409026e+03 1.868902250125765704e+03
3.872038781812552587e-03 5.449771375173921842e+04 2.429540030893453149e+04 1.346143756266879427e+04 8.640936175306649602e+03 6.069576181938125046e+03 4.525204652920475382e+03 3.519549978714339886e+03 2.825951836720265419e+03 2.324761328863103699e+03 1.950429586348616567e+03
4.055460735840826954e-03 5.453259077104442986e+04 2.494896343421153870e+04 1.392650235553049424e+04 8.970596801305593544e+03 6.313192665083804059e+03 4.711938334047472381e+03 3.667719122066093860e+03 2.946675013270405543e+03 2.424958279996537840e+03 2.035072085255530055e+03
4.247571552536896777e-03 5.448251080307257507e+04 2.560058462168666665e+04 1.440176498907285895e+04 9.312592924323524130e+03 6.563740968828275072e+03 4.905373486937650341e+03 3.823038410693479818e+03 3.071818264447805632e+03 2.530231639375836949e+03 2.123831591767977898e+03
4.448782831127581772e-03 5.434197030672748951e+04 2.624466632661519907e+04 1.488820884251857206e+04 9.662678036820752823e+03 6.823307559811386454e+03 5.107920466295249753e+03 3.985017283319264152e+03 3.203002799837453040e+03 2.640464482570045675e+03 2.217277434983127932e+03
4.659525668664678613e-03 5.410998327967867954e+04 2.687201057214895627e+04 1.537501857006051614e+04 1.000830986568085791e+04 7.094259086769599890e+03 5.317658340458313432e+03 4.147108539351893342e+03 3.340546277576964258e+03 2.751210022509393639e+03 2.312353284954548599e+03
4.880251583654427253e-03 5.378796398786539794e+04 2.748168409106733452e+04 1.584913524041522760e+04 1.034747455010191698e+04 7.369898410935047650e+03 5.525411968327210161e+03 4.305104482266664490e+03 3.478997375208018639e+03 2.859227688553603457e+03 2.405264964442205383e+03
5.111433483440164932e-03 5.337474633205982536e+04 2.808197536258005857e+04 1.631992449071020201e+04 1.069776182110521586e+04 7.638177869789379656e+03 5.727782312045532308e+03 4.467751240831419636e+03 3.613261581579934500e+03 2.970412263204839746e+03 2.499141245746417098e+03
5.353566677410721841e-03 5.286725380884389597e+04 2.867503382938213326e+04 1.680781739682367697e+04 1.107131315886544871e+04 7.902873930930072675e+03 5.937622066644325059e+03 4.645032360391866860e+03 3.749974947363489264e+03 3.092048438908241678e+03 2.600811956233095771e+03
5.607169938205453820e-03 5.226255876468810311e+04 2.925178473386646147e+04 1.731326602568402450e+04 1.145880809725643121e+04 8.182752918634810158e+03 6.166201597454541115e+03 4.834118590525151376e+03 3.899176508967528207e+03 3.222539559264801937e+03 2.711241109651194620e+03
5.872786613189478859e-03 5.155794987368209695e+04 2.980436738695383974e+04 1.782128282071000285e+04 1.184947422770506637e+04 8.484540177429553296e+03 6.407827861886616120e+03 5.028112299807864474e+03 4.059982034254461269e+03 3.357024372963664064e+03 2.826311971921052191e+03
6.150985788580495481e-03 5.075173433963947173e+04 3.033124169978345526e+04 1.832479092142560694e+04 1.224359787350596889e+04 8.797042050436559293e+03 6.653945848191634468e+03 5.226082714443648911e+03 4.225857888447479127e+03 3.494726336332716528e+03 2.944051350761218600e+03
6.442363508721367545e-03 4.984348242914327420e+04 3.083128983446343045e+04 1.882610589862750203e+04 1.264388990579471647e+04 9.112262125030987590e+03 6.904368821783468775e+03 5.430126892137393952e+03 4.395022732806996828e+03 3.637194299041454997e+03 3.065632261129184826e+03
6.747544053110689742e-03 4.883323318847184419e+04 3.130105780413470711e+04 1.932588169707239649e+04 1.304974991795453570e+04 9.432314828729418878e+03 7.161622145559294950e+03 5.640812427867712358e+03 4.569414124380850808e+03 3.784952664015332175e+03 3.191938257389196679e+03
7.067181273927488835e-03 4.772049525108771195e+04 3.173654541948219412e+04 1.982132093559427085e+04 1.345924448141134599e+04 9.759559075058223243e+03 7.425967910406973715e+03 5.857511457800695098e+03 4.749874505022338781e+03 3.937638222807267084e+03 3.322785989440330923e+03
7.401959996915636469e-03 4.650524703011573729e+04 3.213410647356929621e+04 2.030973124710712727e+04 1.387129400063081994e+04 1.009306494615730480e+04 7.696477121522736525e+03 6.079910411353826021e+03 4.935896264457113830e+03 4.095100606923750547e+03 3.457952550594330205e+03
7.752597488629456302e-03 4.518646141459606588e+04 3.249023505218904029e+04 2.078952555655244578e+04 1.428532139109824857e+04 1.043140314391287211e+04 7.972684674186644770e+03 6.308085583633751412e+03 5.127151936562329865e+03 4.257485522622794633e+03 3.597537866206446779e+03
8.119844993184008319e-03 4.376415106672971888e+04 3.280115324830120517e+04 2.125904358250145015e+04 1.470034336555222944e+04 1.077408861546000298e+04 8.254487578503076293e+03 6.542026282017143785e+03 5.323739317595864122e+03 4.424884311798361523e+03 3.741682009708725218e+03
8.504489341802669994e-03 4.224003137705513655e+04 3.306297075542278617e+04 2.171597426722845557e+04 1.511497617385098602e+04 1.112083837589664108e+04 8.541655743914734558e+03 6.781555868497402116e+03 5.525719686236737289e+03 4.597266145661678820e+03 3.890413240853825300e+03
8.907354638610434638e-03 4.061753973123247124e+04 3.327182272782027576e+04 2.215780212340634534e+04 1.552786541157967622e+04 1.147095058422955299e+04 8.833803289717057851e+03 7.026456979615953060e+03 5.732991323414242288e+03 4.774586752681551843e+03 4.043719142386738440e+03
9.329304026284681098e-03 3.889928580955413781e+04 3.342392299440691568e+04 2.258192664641208830e+04 1.593775554280927463e+04 1.182350242588653418e+04 9.130480085568602590e+03 7.276486532890607123e+03 5.945412041838923869e+03 4.956818679842597703e+03 4.201602221193322293e+03
9.771241535346487581e-03 3.708839350366949657e+04 3.351541816513851518e+04 2.298566727101643846e+04 1.634323690380838343e+04 1.217763028083864447e+04 9.431168290043155139e+03 7.531363467988731827e+03 6.162827977465966796e+03 5.143912683632738663e+03 4.364064180827622295e+03
1.023411402105452346e-02 3.518925770929035207e+04 3.354233861884865473e+04 2.336618423477108445e+04 1.674262848366593244e+04 1.253248894229681355e+04 9.735307155279586368e+03 7.790760611258755489e+03 6.385057766491211623e+03 5.335765962117109666e+03 4.531067920308367320e+03
1.071891319205127251e-02 3.320781605387970922e+04 3.350084855025118304e+04 2.372054648297522726e+04 1.713412282071731534e+04 1.288707266417363826e+04 1.004231112789660801e+04 8.054309142297161998e+03 6.611880650781938130e+03 5.532245394961213606e+03 4.702540728212433351e+03
1.122667773510812282e-02 3.115213399490428492e+04 3.338714587175210909e+04 2.404571166777456165e+04 1.751577075792271353e+04 1.324021004448810527e+04 1.035152709407476323e+04 8.321602256549404046e+03 6.843040476286221747e+03 5.733198396659731770e+03 4.878399321790157046e+03
1.175849554052155882e-02 2.903179020973112711e+04 3.319774766353033920e+04 2.433857509215130631e+04 1.788553045908004788e+04 1.359063637506776286e+04 1.066217993269412545e+04 8.592186138547511291e+03 7.078248192802675476e+03 5.938447060879378114e+03 5.058551193769642850e+03
1.231550603292825077e-02 2.685888682220124247e+04 3.292931361285837193e+04 2.459590441071116948e+04 1.824126858175755842e+04 1.393699284290965988e+04 1.097341355002632554e+04 8.865522501147854200e+03 7.317177525284849253e+03 6.147780918402138923e+03 5.242868725592247756e+03
1.289890261253307316e-02 2.464590895478524544e+04 3.257901480446260393e+04 2.481437529565770092e+04 1.858077455441121492e+04 1.427782647684886615e+04 1.128428212491600971e+04 9.141003442962773988e+03 7.559438177857738992e+03 6.360955991705157430e+03 5.431175181277492811e+03
1.350993521198025869e-02 2.240921088122260335e+04 3.214433968744084268e+04 2.499066382838478967e+04 1.890168208426502679e+04 1.461157277026669180e+04 1.159376360811011182e+04 9.417950599412699376e+03 7.804580462063380764e+03 6.577677658950385194e+03 5.623267797545161557e+03
1.414991297434575052e-02 2.016647483476687194e+04 3.162348155309332651e+04 2.512145879143680577e+04 1.920153313276794870e+04 1.493658335811483448e+04 1.190074931386357457e+04 9.695618328089038187e+03 8.052098841443684250e+03 6.797602793743864822e+03 5.818926735045261012e+03
1.482020705798856725e-02 1.793940996837511921e+04 3.101523559415030104e+04 2.520354268718381718e+04 1.947777460892752424e+04 1.525111118929442637e+04 1.220405380703769697e+04 9.973191686500449578e+03 8.301430718474284731e+03 7.020341331721823735e+03 6.017899201363156862e+03
1.552225357427046079e-02 1.574953004155117560e+04 3.031930107332828265e+04 2.523376658851590764e+04 1.972779764214093666e+04 1.555333241895147148e+04 1.250240368856042187e+04 1.024978618736485441e+04 8.551955497410308453e+03 7.245454520760458763e+03 6.219875926047170651e+03
1.625755666443793115e-02 1.362194903831607371e+04 2.953639957565079749e+04 2.520921599281986710e+04 1.994896095739477823e+04 1.584130178452624568e+04 1.279444587648603010e+04 1.052444709666949893e+04 8.802990528679190902e+03 7.472453881099625505e+03 6.424504271322581189e+03
1.702769172225897937e-02 1.158259790538261586e+04 2.866840222418852500e+04 2.512720912590320586e+04 2.013861375115805276e+04 1.611301025509830288e+04 1.307874298194593212e+04 1.079614525617478648e+04 9.053794912556597410e+03 7.700796993324492178e+03 6.631381724122809828e+03
1.783430876931907730e-02 9.659083916231889816e+03 2.771858117895554096e+04 2.498545222475256742e+04 2.029414919991037823e+04 1.636639585435608933e+04 1.335377626884615347e+04 1.106378341728244777e+04 9.303563649658430222e+03 7.929891059620142187e+03 6.840061093436112060e+03
1.867913599020781107e-02 7.874632823484967048e+03 2.669162883304138813e+04 2.478209983333174023e+04 2.041301866987061658e+04 1.659937310637275004e+04 1.361796810061222095e+04 1.132618736611381428e+04 9.551433159303795037e+03 8.159087911973792870e+03 7.050052711133036610e+03
1.956398343517061489e-02 6.250499461404729118e+03 2.559389743466320215e+04 2.451585572572967794e+04 2.049281954998828951e+04 1.680983767045261629e+04 1.386968520927394275e+04 1.158212665076586927e+04 9.796471299513652411e+03 8.387687591457190138e+03 7.260824380658150403e+03
2.049074689815845104e-02 4.810500442677885076e+03 2.443352932198949566e+04 2.418616208295467004e+04 2.053133760235588488e+04 1.699569585555741287e+04 1.410726254330778465e+04 1.183031528820148924e+04 1.003769315499006007e+04 8.614929721234071621e+03 7.471792352298746664e+03
2.146141197858402599e-02 3.574725415722454272e+03 2.322024360310480552e+04 2.379318177553137866e+04 2.052661355084842216e+04 1.715492005863531085e+04 1.432901223589333131e+04 1.206942681901061951e+04 1.027406376044497847e+04 8.840005557042288274e+03 7.682320436981470266e+03
2.247805833548724430e-02 2.546844350702705015e+03 2.196593849669620977e+04 2.333812394423474325e+04 2.047705649818941311e+04 1.728557530049014895e+04 1.453325136461577131e+04 1.229810442980629159e+04 1.050450614889818098e+04 9.062060774522027714e+03 7.891728955354694335e+03
2.354286414322414797e-02 1.715267173377528934e+03 2.068352389210360343e+04 2.282310594120065798e+04 2.038144493952869016e+04 1.738587671709764618e+04 1.471833516359705209e+04 1.251497300347809323e+04 1.072791070187362493e+04 9.280200719065787780e+03 8.099295561456066935e+03
2.465811075822601020e-02 1.078812500789190153e+03 1.938824953645733331e+04 2.225153414079369759e+04 2.023915488151151294e+04 1.745423926853568992e+04 1.488267101895398628e+04 1.271866981242345719e+04 1.094314176152693290e+04 9.493499589983699479e+03 8.304260572883051282e+03
2.582618760682674555e-02 6.334481181783661441e+02 1.809542488134379892e+04 2.162793839070203103e+04 2.005005826933386197e+04 1.748932625942723462e+04 1.502479531502716236e+04 1.290784880304522630e+04 1.114906641068807767e+04 9.701003812206743532e+03 8.505831788309711555e+03
2.704959730463131831e-02 3.440384474052012251e+02 1.682233444134766978e+04 2.095813825162057765e+04 1.981484613376249399e+04 1.749017746833392448e+04 1.514335661209765931e+04 1.308124108457408693e+04 1.134455603201308259e+04 9.901755588336616711e+03 8.703191013381918310e+03
2.833096101839321923e-02 1.587357129435643799e+02 1.558529430070244416e+04 2.024926575647006757e+04 1.953485740508184608e+04 1.745614775181478035e+04 1.523722612634970574e+04 1.323765156132548509e+04 1.152852370751705530e+04 1.009479348775912877e+04 8.895515606929702699e+03
2.967302408188867563e-02 5.701130265830459365e+01 1.440126763200928690e+04 1.950947127013745194e+04 1.921240892266686569e+04 1.738711731235233310e+04 1.530546696297310700e+04 1.337602018329359635e+04 1.169993147831964598e+04 1.027918577845391883e+04 9.081972937658882074e+03
3.107866187782009487e-02 1.972626208666473246e+01 1.328557016734669196e+04 1.874840413577664731e+04 1.885066302730405368e+04 1.728337810555752003e+04 1.534752202887097701e+04 1.349543340371152590e+04 1.185784748249745280e+04 1.045403644706912200e+04 9.261755776009056717e+03
3.255088599835054969e-02 9.719525340190347862e+00 1.225204171012400002e+04 1.797593688115866462e+04 1.845363418361315780e+04 1.714613615509072770e+04 1.536316532719227871e+04 1.359520499375911459e+04 1.200147921211378707e+04 1.061853020001784353e+04 9.434072651583583138e+03
3.409285069746810504e-02 8.711550103090711872e+00 1.131273325871760608e+04 1.720298837861974607e+04 1.802627468217914065e+04 1.697703803323451939e+04 1.535249592539078549e+04 1.367494016349644517e+04 1.213014076949192167e+04 1.077196209139723032e+04 9.598219185566551459e+03
3.570785964900458770e-02 1.559834085331329412e+01 1.047622421997373749e+04 1.644016316799886772e+04 1.757429531226014660e+04 1.677808655355334849e+04 1.531595714775979286e+04 1.373445006540664508e+04 1.224330122012466200e+04 1.091371227147463287e+04 9.753557793397822024e+03
3.739937302478793524e-02 4.455736114607746856e+01 9.749109135124457680e+03 1.569944479763066192e+04 1.710472852665540631e+04 1.655166086747916415e+04 1.525475709117498991e+04 1.377383873204971860e+04 1.234070835130360865e+04 1.104329138004647211e+04 9.899538135780258017e+03
3.917101490809256348e-02 1.178210245832513721e+02 9.133913893256298252e+03 1.499120448124671202e+04 1.662439715581786004e+04 1.630256148222358388e+04 1.517119935416311637e+04 1.379363298993840181e+04 1.242273231570380085e+04 1.116043647580663855e+04 1.003570493152489144e+04
4.102658105827187290e-02 2.416431945758953077e+02 8.629266734818249461e+03 1.432185530269136507e+04 1.613979579786802060e+04 1.603718454828232279e+04 1.506766762935034421e+04 1.379534806238418605e+04 1.248986956931191708e+04 1.126540280279480794e+04 1.016186888624657513e+04
4.297004704320836477e-02 4.309693002098213128e+02 8.228764177607230522e+03 1.369621001867523955e+04 1.565729669136405573e+04 1.575918051730258230e+04 1.494641614763633879e+04 1.378069272309979897e+04 1.254251432962420768e+04 1.135855772352180247e+04 1.027822046024082738e+04
4.500557675700495031e-02 6.782752021168502097e+02 7.913633653132250402e+03 1.312299373891521282e+04 1.518475983263783382e+04 1.546925932256700980e+04 1.480982398431271213e+04 1.375122163201999501e+04 1.258124878541358157e+04 1.144020468016306040e+04 1.038500470044730355e+04
4.713753134116717425e-02 9.335742253420036150e+02 7.667067625931576913e+03 1.261112530668516774e+04 1.472972768872334746e+04 1.517114196418837855e+04 1.466075134182037982e+04 1.370856975645045532e+04 1.260774126851937399e+04 1.151080930327060378e+04 1.048245581562133339e+04
4.937047852838997303e-02 1.149740696501371986e+03 7.476488932558604574e+03 1.215613241420840495e+04 1.429825102962937126e+04 1.487356829774167272e+04 1.450240386299962665e+04 1.365508820078491044e+04 1.262408755293344984e+04 1.157174260709989539e+04 1.057104860279099375e+04
5.170920242896753782e-02 1.273443955815727350e+03 7.322105192907619312e+03 1.174612597947800168e+04 1.389489803719529118e+04 1.458401162865843980e+04 1.433952409043773332e+04 1.359347866767202504e+04 1.263228975575656295e+04 1.162475703597243046e+04 1.065203465131732082e+04
5.415871378079464143e-02 1.257639377726703060e+03 7.174842825397588058e+03 1.137033546807605671e+04 1.351916930863371090e+04 1.430652931956127577e+04 1.417716823662571187e+04 1.352711547099874224e+04 1.263433853797265510e+04 1.167165474471003108e+04 1.072691110736522205e+04
5.672426068491971674e-02 1.091667286223204428e+03 6.998509679974778919e+03 1.101844657634037139e+04 1.316758163821455491e+04 1.404365507737421831e+04 1.401967009459875590e+04 1.345975701763987854e+04 1.263286003921207339e+04 1.171430535926643643e+04 1.079734201679845319e+04
5.941133984965028120e-02 8.168491685418837278e+02 6.758495510817718241e+03 1.067868921944738577e+04 1.283402802097332096e+04 1.379541914608169827e+04 1.387073964992736546e+04 1.339517460349427347e+04 1.263099211564595134e+04 1.175504744907179884e+04 1.086512081663082608e+04
6.222570836730220711e-02 5.149532952789801357e+02 6.430151163464774072e+03 1.033597626314809531e+04 1.251105468197521805e+04 1.356009320140451200e+04 1.373206092581946905e+04 1.333709299621102946e+04 1.263205787185156260e+04 1.179661025686438370e+04 1.093245046447702953e+04
6.517339604882416149e-02 2.562183357385703175e+02 6.007867721746322786e+03 9.971486277713993331e+03 1.218969210032778028e+04 1.333318973051872672e+04 1.360380449634543220e+04 1.328799644332226671e+04 1.263956425381727058e+04 1.184201296029917285e+04 1.100181355453903052e+04
6.826071834272381955e-02 9.614443324702230598e+01 5.503908941920529287e+03 9.565184122943490365e+03 1.185983130006729880e+04 1.310888050045539785e+04 1.348385001111777274e+04 1.324898844198790721e+04 1.265626478028085148e+04 1.189458580292334773e+04 1.107607637785661791e+04
7.149428986597573810e-02 2.011432023766519350e+01 4.943724240695424669e+03 9.103799392747294405e+03 1.151037114436669253e+04 1.288015658743529093e+04 1.336864961838109048e+04 1.321955534038834594e+04 1.268383299858149076e+04 1.195713634737562643e+04 1.115844506639659085e+04
7.488103857590013013e-02 3.069074559650090350e+00 4.362537544448758126e+03 8.585625772580531702e+03 1.112963984463236557e+04 1.263899353757699646e+04 1.325312568941006430e+04 1.319775354494501516e+04 1.272275362494932233e+04 1.203169304468216433e+04 1.125170641317996160e+04
7.842822061337671735e-02 2.119675655630149258e+00 3.804725904177001667e+03 8.022418199091776842e+03 1.070698639601929244e+04 1.237654180576741237e+04 1.313126640921853505e+04 1.318017860527377707e+04 1.277224698065395387e+04 1.211936359022599754e+04 1.135814665325062197e+04
8.214343584919420183e-02 1.321207042725433034e+01 3.318039091664894841e+03 7.437441065663845620e+03 1.023919474260763855e+04 1.208352070679013013e+04 1.299618647108283403e+04 1.316244185422973169e+04 1.283026103966951996e+04 1.222025358214310472e+04 1.147926371967485466e+04
8.603464416684492022e-02 5.975685813417550207e+01 2.937917028416883568e+03 6.858437925465361332e+03 9.734184310072922017e+03 1.175189859722027359e+04 1.284016060270002708e+04 1.313920778783780042e+04 1.289378169188581160e+04 1.233334271579124834e+04 1.161581135827409344e+04
9.011018251665010859e-02 1.477796503208692798e+02 2.677081874634226097e+03 6.312891030478400353e+03 9.204152594177603532e+03 1.137813298820577438e+04 1.265547008588040262e+04 1.310432933787017282e+04 1.295885540067622605e+04 1.245675437552687617e+04 1.176756109422614827e+04
9.437878277775374469e-02 2.376675351025728560e+02 2.526683635030158712e+03 5.826766729658160330e+03 8.669537031049465440e+03 1.096643643823761704e+04 1.243606758897148393e+04 1.305120605851540131e+04 1.302077134150151142e+04 1.258776680424304141e+04 1.193356776493643520e+04
9.884959046625570178e-02 2.689863437494906293e+02 2.460537006511882282e+03 5.421044071789952795e+03 8.154600713716038626e+03 1.052978339260751272e+04 1.218032002251989798e+04 1.297368050613737978e+04 1.307424657423613826e+04 1.272293815779702345e+04 1.211212806835314223e+04
1.035321843295661098e-01 2.154741715511469806e+02 2.436673895279535827e+03 5.105760804749549607e+03 7.683075373333705102e+03 1.008884715757434424e+04 1.189400237065987130e+04 1.286817173113340505e+04 1.311396102806919043e+04 1.285823913704851839e+04 1.230086412199864390e+04
1.084365968689609272e-01 1.166123103664648255e+02 2.403545344123134782e+03 4.872263777568822661e+03 7.274657730964290749e+03 9.668798015342306826e+03 1.159088448623483055e+04 1.273642071111168480e+04 1.313613513790354227e+04 1.298945130298394724e+04 1.249688932840557936e+04
1.135733358343103683e-01 4.107638291560909494e+01 2.315220904551433250e+03 4.692255666055369147e+03 6.940584620902099232e+03 9.289937521439351258e+03 1.129009975599776953e+04 1.258720493019968671e+04 1.314083161100482539e+04 1.311336131333286903e+04 1.269712729709783525e+04
1.189534067370318221e-01 1.047287215036213937e+01 2.145841788984691448e+03 4.526288672342272548e+03 6.676901385962701170e+03 8.964530023821307623e+03 1.101195280862267464e+04 1.243555935647211300e+04 1.313389214587016431e+04 1.322963886341737998e+04 1.289915303492508247e+04
1.245883364295006790e-01 6.301474213314101291e+00 1.903856786376074297e+03 4.336319424919764970e+03 6.460437876583752768e+03 8.697916235275355575e+03 1.077281751181097025e+04 1.229945213074986350e+04 1.312715249236903765e+04 1.334282430001840839e+04 1.310299081574038064e+04
1.304901978014400554e-01 1.741549290303496988e+01 1.639685513599535398e+03 4.098304013860895793e+03 6.254274179589580854e+03 8.483146082385152113e+03 1.058571210772092672e+04 1.219523165226553101e+04 1.313597742693528016e+04 1.346266612406666900e+04 1.331265350645995022e+04
1.366716356462004955e-01 4.707624007239250830e+01 1.415298599025466274e+03 3.811350080235703444e+03 6.021503399148619792e+03 8.296319716976353448e+03 1.045429877406295054e+04 1.213396029426591667e+04 1.317518053149036859e+04 1.360220324847768279e+04 1.353661205446766144e+04
1.431458937523477637e-01 7.368646558906520738e+01 1.264867996236513363e+03 3.497563990836748872e+03 5.739250105515298856e+03 8.100958628318809133e+03 1.035604477199906250e+04 1.211805389851538530e+04 1.325500339919702856e+04 1.377432384277446545e+04 1.378617810615105009e+04
1.499268432786043104e-01 6.624495799071901558e+01 1.191414757174078204e+03 3.194836350358762502e+03 5.407755017449540901e+03 7.861157639825644765e+03 1.025590315498626478e+04 1.213560402641567453e+04 1.337770667448280801e+04 1.398765670157772183e+04 1.407215418864598541e+04
1.570290124729375181e-01 3.534079465370361106e+01 1.167374780052258075e+03 2.944154572828492746e+03 5.051161192660737470e+03 7.556884495415757556e+03 1.011150448049169063e+04 1.216565130258398858e+04 1.353329646969460373e+04 1.424322121033175608e+04 1.440112661124444821e+04
1.644676177994662258e-01 1.355480288053547255e+01 1.141213501686323752e+03 2.764610566503124119e+03 4.707443952589097535e+03 7.194492695296195961e+03 9.892629345061548520e+03 1.216243440155739700e+04 1.369591058886573592e+04 1.453073564657792667e+04 1.477218893303100594e+04
1.722585965398783781e-01 8.891306402358422289e+00 1.072709135082754074e+03 2.639883533413983514e+03 4.414248708891422211e+03 6.807751409994892128e+03 9.595988875929735514e+03 1.208359051862982960e+04 1.382498774553286421e+04 1.482512301519046923e+04 1.517374659983323909e+04
1.804186409392069812e-01 1.537110296692446987e+01 9.589798950181937016e+02 2.535073141018025126e+03 4.193303147341008298e+03 6.444262925903589348e+03 9.248528562239693201e+03 1.191215637585421428e+04 1.389060882465236318e+04 1.508820333263187240e+04 1.558063700803140273e+04
1.889652339691207938e-01 2.543184764627940808e+01 8.364965792388402406e+02 2.412569718838797144e+03 4.031673941362808819e+03 6.143792988010214685e+03 8.897126647705279538e+03 1.166547768352297135e+04 1.386929032654697585e+04 1.528164485669255737e+04 1.595633932590783843e+04
1.979166867853553724e-01 2.449700044171892444e+01 7.471418580696210938e+02 2.253917687832936736e+03 3.885357172064470433e+03 5.918752926378518168e+03 8.587290902091290263e+03 1.138987303784578035e+04 1.376650151093635213e+04 1.538717523818920381e+04 1.626502994801491150e+04
2.072921779595368330e-01 1.427252671766984093e+01 7.022214215741325916e+02 2.079476801826576775e+03 3.712524957669308606e+03 5.738440036794704611e+03 8.342531179769728624e+03 1.113918510430540482e+04 1.361929935690512502e+04 1.542539101926934381e+04 1.648936001070625935e+04
2.171117945694501505e-01 8.397831661188238428e+00 6.766928426723380881e+02 1.924359338918658068e+03 3.498096185249748942e+03 5.543384878200200546e+03 8.150262575302370351e+03 1.094612033373374288e+04 1.347691899406448283e+04 1.542232277035887455e+04 1.663820771077311656e+04
2.273965752357926251e-01 9.310647500998914694e+00 6.378980747681199546e+02 1.809429805237868322e+03 3.266756702077373575e+03 5.293283712129844389e+03 7.956290875137372495e+03 1.080233531917677465e+04 1.337389854412137538e+04 1.541723356643351690e+04 1.675855811481372075e+04
2.381685551976154835e-01 1.216031871790065644e+01 5.768381657778548970e+02 1.725540306874268254e+03 3.061706255377364869e+03 4.992058005349579616e+03 7.698603829186296025e+03 1.065206106986035775e+04 1.330713391246185529e+04 1.543452580220510572e+04 1.688352984040369120e+04
2.494508135230313339e-01 1.063212457608750583e+01 5.169014608733641580e+02 1.643501426958241836e+03 2.904321695288655064e+03 4.685031120416026170e+03 7.359515690535363319e+03 1.041938823923305972e+04 1.322660738245533685e+04 1.546346568168757221e+04 1.702197498988501684e+04
2.612675225563326209e-01 7.093473665045348042e+00 4.778055649552334785e+02 1.545002884420097871e+03 2.780900182313985169e+03 4.423929331081895725e+03 6.974637981756989575e+03 1.007492072823137096e+04 1.305289385053767728e+04 1.545375731853257639e+04 1.714983172983490658e+04
2.736439997074666675e-01 6.236024227835930134e+00 4.526194357510288455e+02 1.442007614914819214e+03 2.654203707457487781e+03 4.217338800831092158e+03 6.611892473243823588e+03 9.658460463032828557e+03 1.274176315321026050e+04 1.533306627390023641e+04 1.720847361340088173e+04
2.866067616948247965e-01 6.860582769072776088e+00 4.224817208865341627e+02 1.355322037000708860e+03 2.505319763796872394e+03 4.030605384208939086e+03 6.310135810664675773e+03 9.242712859114990351e+03 1.232677025015798790e+04 1.506324711537497205e+04 1.712901667339908454e+04
3.001835813575586265e-01 5.998821619065918931e+00 3.855802805874960768e+02 1.288142896373900840e+03 2.353251804466198791e+03 3.817886329265067161e+03 6.039169931606609680e+03 8.876714026519170147e+03 1.188570168112349529e+04 1.467852451045954876e+04 1.688668417053544545e+04
3.144035471591494768e-01 4.682630010033132173e+00 3.548610759162505133e+02 1.224721459293097269e+03 2.224398753705079343e+03 3.576142030853270626e+03 5.738545179046083831e+03 8.533293207292133957e+03 1.148035742836921418e+04 1.424881017598201106e+04 1.652756036006899740e+04
3.292971255097142946e-01 4.426844579155833515e+00 3.327123791356861489e+02 1.156065911807527755e+03 2.118828085707208174e+03 3.345741534820122979e+03 5.384283302757669844e+03 8.147458859227071116e+03 1.109039842377208515e+04 1.382514985048255949e+04 1.611953202369048449e+04
3.448962260405754598e-01 4.146626658135958543e+00 3.103330421276630204e+02 1.091100343226122277e+03 2.014810584922083308e+03 3.151849123784688345e+03 5.018571591055096178e+03 7.686348082027780947e+03 1.063753115463655013e+04 1.338707695039568898e+04 1.569553633578065637e+04
3.612342699709426008e-01 3.472144512560763285e+00 2.865168913440704159e+02 1.036506216198043830e+03 1.904080325393150588e+03 2.975222909480660292e+03 4.688857870619681307e+03 7.186637435703350093e+03 1.007825455256213172e+04 1.286442649387209531e+04 1.521760905833608194e+04
3.783462617131921335e-01 3.122279578260291455e+00 2.666778324245908038e+02 9.864646992321449943e+02 1.800290716407822856e+03 2.789902410677699208e+03 4.386271525211251173e+03 6.707583347482482168e+03 9.454271055475021058e+03 1.222255503355748078e+04 1.461813397074798195e+04
3.962688638701473698e-01 2.837626040258319993e+00 2.495026404805900597e+02 9.361574584871477782e+02 1.710587821151664457e+03 2.601190251183812961e+03 4.074643575926075300e+03 6.257510722832499596e+03 8.839378320074130897e+03 1.149994878909487852e+04 1.388555000750012914e+04
4.150404757850468807e-01 2.465452955176880678e+00 2.322017192741392364e+02 8.895763324664491165e+02 1.625519898239079112e+03 2.430495580822097054e+03 3.748561653878355628e+03 5.794907123089941706e+03 8.243718782714695408e+03 1.076332706223109381e+04 1.307497119316659155e+04
4.347013158125022092e-01 2.218385931866242444e+00 2.166373244353066241e+02 8.478840709019311817e+02 1.540677185300898373e+03 2.275972591199917133e+03 3.437243460777391647e+03 5.303667416540813065e+03 7.618775207996320205e+03 1.002536270577031610e+04 1.224244606515409941e+04
4.552935074866943932e-01 1.965893885365863181e+00 2.028000705435188706e+02 8.079106994832272903e+02 1.462240259725920623e+03 2.123187421369911590e+03 3.151905874753697844e+03 4.818292068959230164e+03 6.954809339284183807e+03 9.246926922280839790e+03 1.138064633263701762e+04
4.768611697714462139e-01 1.744864048267208645e+00 1.895582501352086240e+02 7.700529818672266629e+02 1.390481440334196577e+03 1.976168695945253830e+03 2.874357021198016810e+03 4.362457310484017398e+03 6.294400998946320215e+03 8.421400276272792325e+03 1.045538713046027442e+04
4.994505115855137345e-01 1.556126586027380521e+00 1.775571360218921484e+02 7.351863514886533721e+02 1.321310213971323947e+03 1.842006200412630733e+03 2.602338754060078827e+03 3.918654422973500914e+03 5.660343189390805492e+03 7.591965975781376983e+03 9.483910305076198711e+03
5.231099308056256225e-01 1.383636335830477959e+00 1.664908298942521299e+02 7.020772860945068032e+02 1.256119313572931560e+03 1.716435613142670491e+03 2.350482463465963519e+03 3.481791878478121362e+03 5.037173329205144910e+03 6.788860147954632339e+03 8.514880712034200769e+03
5.478901179593932413e-01 1.227750394251784671e+00 1.561857858073310865e+02 6.708274567847055323e+02 1.195551028764685043e+03 1.597173957445525048e+03 2.117133168140996077e+03 3.071369727588363276e+03 4.425884117479828092e+03 6.000384938211312146e+03 7.566118920670817715e+03
5.738441648302390341e-01 1.088245865216656671e+00 1.467398390005929514e+02 6.414482339526966825e+02 1.138011872749213353e+03 1.487517577477330178e+03 1.897952722300305140e+03 2.689524141766043613e+03 3.848066030428185513e+03 5.226636405277418817e+03 6.631332703134126859e+03
6.010276782070375079e-01 9.644733235334860266e-01 1.379363506545282974e+02 6.135173943948512942e+02 1.083880021801130397e+03 1.386028111101913964e+03 1.696841100647816120e+03 2.332124684197419356e+03 3.309638608412543817e+03 4.495013187498143452e+03 5.726893110022085239e+03
6.294988990221875858e-01 8.552369855658210618e-01 1.297869231742501768e+02 5.870687472007333554e+02 1.032948970205705564e+03 1.291859981644762684e+03 1.514943768956198937e+03 2.005178084383725718e+03 2.808859330313478495e+03 3.815747463204183077e+03 4.876289647881620112e+03
6.593188271333542128e-01 7.586970286572602973e-01 1.222285773401360984e+02 5.619003350714839371e+02 9.847666592372866035e+02 1.205642068283636945e+03 1.350109849112531947e+03 1.711210105824344282e+03 2.351969195235783445e+03 3.187295424397763327e+03 4.086174078051611559e+03
6.905513520162318564e-01 6.731871984029550449e-01 1.152048573123725390e+02 5.378936502531172437e+02 9.392975682596626257e+02 1.126431153735565204e+03 1.203480607304123396e+03 1.448816760513851705e+03 1.944196178055861992e+03 2.619827078618812720e+03 3.363930089010793381e+03
7.232633896483522395e-01 5.972948523083327910e-01 1.086654882572418330e+02 5.149690479419031135e+02 8.962163234332164166e+02 1.053972238903016887e+03 1.073982851100488688e+03 1.218853332121332414e+03 1.584724419947831166e+03 2.118145745615770920e+03 2.719809237448075237e+03
7.575250258771908385e-01 5.298195367178292203e-01 1.025660977542004417e+02 4.930239806862585965e+02 8.553635063171742559e+02 9.878201367360549057e+02 9.607727802285289727e+02 1.020885364296448302e+03 1.274176435356380580e+03 1.680714419640905817e+03 2.156275115325664046e+03
7.934096665797480963e-01 4.697891395613205123e-01 9.686873306283773388e+01 4.719665456926845195e+02 8.165243574894326457e+02 9.274099540855204395e+02 8.628817140023653565e+02 8.528908519142274827e+02 1.011466645099326570e+03 1.309260190783426651e+03 1.673700008083333842e+03
8.309941949353377710e-01 4.164237550719749881e-01 9.153962819230348202e+01 4.517177387193778486e+02 7.794989928730457223e+02 8.722331347854321848e+02 7.788395445729011044e+02 7.130985876365859895e+02 7.934593157477082741e+02 1.000442475093172447e+03 1.270235281720881176e+03
8.703591361485154554e-01 3.690227027375017066e-01 8.654830224543026418e+01 4.322124373041951344e+02 7.441155195850876680e+02 8.217191102508118092e+02 7.072905630834204658e+02 5.988416569419240432e+02 6.170629461124419777e+02 7.498264901873382087e+02 9.415077823180994301e+02
9.115888299750808388e-01 3.269514645256346719e-01 8.186720952378730942e+01 4.133934335793532000e+02 7.102070052955366464e+02 7.753156501797689089e+02 6.466313433591299145e+02 5.071559425910610912e+02 4.775117709805323898e+02 5.517790580666559208e+02 6.810048746544107416e+02
9.547716114208039118e-01 2.896361087960200309e-01 7.747120600095801990e+01 3.952101610512497132e+02 6.776062263456693699e+02 7.325027276783290517e+02 5.952667277081206976e+02 4.348885394447997896e+02 3.699968777039753149e+02 3.996551466640491412e+02 4.803584043367183654e+02
9.999999999999991118e-01 2.565491097299168466e-01 7.333707486915945140e+01 3.776181910234656129e+02 6.461668266901097013e+02 6.927289895773204762e+02 5.516594324083253014e+02 3.788603343692047929e+02 2.893853147685110798e+02 2.862991909902196426e+02 3.307045615695953984e+02
