# # First row is parameter values (first value is 99.0)
# # Second row is sigma_8 (first value is 99.0)
# # First column is k (Mpc/h), second column is P(k,z =0)
# # parmeter being varied is om
# # model type = fixomch2
9.900000000000000000e+01 1.000000000000000056e-01 2.000000000000000111e-01 3.000000000000000444e-01 4.000000000000000222e-01 5.000000000000000000e-01 5.999999999999999778e-01 7.000000000000000666e-01 8.000000000000000444e-01 9.000000000000000222e-01 1.000000000000000000e+00
9.900000000000000000e+01 8.643764797488372453e-01 8.256288580693011969e-01 7.902332430277982933e-01 7.595274448123154887e-01 7.321218463836020041e-01 7.082761085410419488e-01 6.864643435375675784e-01 6.673527853778756791e-01 6.503062438602318363e-01 6.342871028632477426e-01
1.000000000000000048e-04 1.769156333189442876e+03 6.370281541981031523e+02 3.449080982836327962e+02 2.214298376639978017e+02 1.562802095675716316e+02 1.171915001727165304e+02 9.167131214011618567e+01 7.397964514166967831e+01 6.115206514822699546e+01 5.152098790540879492e+01
1.047370897959449686e-04 1.849431281045730884e+03 6.659511361370105078e+02 3.605712978666150548e+02 2.314866816774205063e+02 1.633785721595984342e+02 1.225146833204993442e+02 9.583542419899484344e+01 7.734021901047113090e+01 6.392998066010891023e+01 5.386143375660029164e+01
1.096985797892383675e-04 1.933338286603500592e+03 6.961853175133669538e+02 3.769451085968529469e+02 2.419999237463766519e+02 1.707991440395527434e+02 1.280795309534397859e+02 1.001886012845735934e+02 8.085338579484039201e+01 6.683403874182207005e+01 5.630816562704450945e+01
1.148951000187309178e-04 2.021040162120776813e+03 7.277898984909996898e+02 3.940616766217461304e+02 2.529902383788006262e+02 1.785565509993921012e+02 1.338969895535828698e+02 1.047394152010199093e+02 8.452605640905659357e+01 6.986996576646473045e+01 5.886600588331672412e+01
1.203377840777589472e-04 2.112706831126970883e+03 7.608266898940122474e+02 4.119545107560112456e+02 2.644792119453705936e+02 1.866660339579207175e+02 1.399785125825438854e+02 1.094968254676432338e+02 8.836546718115562271e+01 7.304374597397247726e+01 6.153999210085171967e+01
1.260382929679727457e-04 2.208515547310636521e+03 7.953601554084865484e+02 4.306586445806367465e+02 2.764893932862668180e+02 1.951435014428280112e+02 1.463360686666424328e+02 1.144701966776252675e+02 9.237918258803478011e+01 7.636162501881661058e+01 6.433538996949215516e+01
1.320088400831417777e-04 2.308651258892158239e+03 8.314576287824426117e+02 4.502107606417966963e+02 2.890443585708405294e+02 2.040056056907152993e+02 1.529821534053054108e+02 1.196693160806285050e+02 9.657510260574458982e+01 7.983012967371625734e+01 6.725770651605895978e+01
1.382622173764655948e-04 2.413306792068265622e+03 8.691895074004409025e+02 4.706491730814261700e+02 3.021687533175181102e+02 2.132697679356457172e+02 1.599298245872568884e+02 1.251044037500662824e+02 1.009614834266509860e+02 8.345608994644346978e+01 7.031269824114583855e+01
1.448118227674533498e-04 2.522683267498665828e+03 9.086293132195826274e+02 4.920138089029947537e+02 3.158882891476095551e+02 2.229541756132252033e+02 1.671927370485724396e+02 1.307861338313852286e+02 1.055469594034688754e+02 8.724664686433085592e+01 7.350637828218702907e+01
1.516716888470922740e-04 2.636990253076678982e+03 9.498536721096679685e+02 5.143463594393971334e+02 3.302297831755207653e+02 2.330778143813356280e+02 1.747851612052521375e+02 1.367256729191392708e+02 1.103405548531873279e+02 9.120925396458346768e+01 7.684503009491274383e+01
1.588565129428052810e-04 2.756446234091235056e+03 9.929425357077103627e+02 5.376904194490990676e+02 3.452212840487804328e+02 2.436605270969860442e+02 1.827219859781987452e+02 1.429347050672871831e+02 1.153516794376268138e+02 9.535169573065458337e+01 8.033522145651430435e+01
1.663816886076128847e-04 2.881278916296054831e+03 1.037979412956274928e+03 5.620915346543032456e+02 3.608921557526365405e+02 2.547230563812131834e+02 1.910187580255559112e+02 1.494254269688821353e+02 1.205901550632282522e+02 9.968211563397399289e+01 8.398381675578485783e+01
1.742633386009649968e-04 3.011725620103228721e+03 1.085051503526300394e+03 5.875972005066274733e+02 3.772730520517239938e+02 2.662870651007820584e+02 1.996917462892346578e+02 1.562105562889131818e+02 1.260662703792662001e+02 1.042090309913967729e+02 8.779798587999405868e+01
1.825183494319043405e-04 3.148033225518880954e+03 1.134249685401741772e+03 6.142569779429123855e+02 3.943959153126057799e+02 2.783751600669938853e+02 2.087579695085681522e+02 1.633033836582633285e+02 1.317907979650542245e+02 1.089413346469190600e+02 9.178521836814113044e+01
1.911644075385702070e-04 3.290458575097654830e+03 1.185668667856192315e+03 6.421226318395363251e+02 4.122940978875623159e+02 2.910109558777553502e+02 2.182351800748713231e+02 1.707178124476969856e+02 1.377749743361865455e+02 1.138883093467781151e+02 9.595334521293673902e+01
2.002200371815584276e-04 3.439268990541162111e+03 1.239407277326143912e+03 6.712482221539772809e+02 4.310024435014682922e+02 3.042191281823913869e+02 2.281418877564981074e+02 1.784683718577663001e+02 1.440305145933821223e+02 1.190596549904165045e+02 1.003105554824063574e+02
2.097046401323232167e-04 3.594742603298906943e+03 1.295568635832051541e+03 7.016901310952571293e+02 4.505573393046606725e+02 3.180254461327268700e+02 2.384974340369187189e+02 1.865702367658822709e+02 1.505696631365401856e+02 1.244655084057063590e+02 1.048653999427364312e+02
2.196385372416545924e-04 3.757168750473357704e+03 1.354260226804411559e+03 7.335071477968995168e+02 4.709967553654251446e+02 3.324567753896374711e+02 2.493220385551986453e+02 1.950392565377645724e+02 1.574052234057886608e+02 1.301164604022481797e+02 1.096268002721014909e+02
2.300430119772917776e-04 3.926848184635230609e+03 1.415593944789272200e+03 7.667605815315521340e+02 4.923603234528912367e+02 3.475411573889298893e+02 2.606368189288799044e+02 2.038919615397928169e+02 1.645505681137593683e+02 1.360235741646873180e+02 1.146040800371960131e+02
2.409403560239524868e-04 4.104093333306180284e+03 1.479686365972933572e+03 8.015143367871977489e+02 5.146893765825644778e+02 3.633079133307029451e+02 2.724638184027273269e+02 2.131456064670842352e+02 1.720196552966734771e+02 1.421984071911667513e+02 1.198069900666298082e+02
2.523539170434766117e-04 4.289227916135280793e+03 1.546658776191081643e+03 8.378350801588921968e+02 5.380270349223878839e+02 3.797876808106163935e+02 2.848260493124068944e+02 2.228182243567477485e+02 1.798270619901633438e+02 1.486530310625693971e+02 1.252457164880008378e+02
2.643081486974104954e-04 4.482588080700225873e+03 1.616637519130912096e+03 8.757923596489414422e+02 5.624182823239897289e+02 3.970123726223087033e+02 2.977475104788498470e+02 2.329286573590448199e+02 1.879880084600864905e+02 1.554000530608365409e+02 1.309308870818858281e+02
2.768286630392065599e-04 4.684522504160796416e+03 1.689754214697414682e+03 9.154586752793939013e+02 5.879100447869624304e+02 4.150152358680622910e+02 3.112532491113847755e+02 2.434965649740134950e+02 1.965183897155841066e+02 1.624526256229601415e+02 1.368735993254510674e+02
2.899422853882876647e-04 4.895392962781166716e+03 1.766145915027431556e+03 9.569094653677445876e+02 6.145512403328564233e+02 4.338309719785943344e+02 3.253694062450380216e+02 2.545424557998623527e+02 2.054348034100144389e+02 1.698244799761430670e+02 1.430854393276043766e+02
3.036771118035457777e-04 5.115573719711671401e+03 1.845954804681173755e+03 1.000223317318130853e+03 6.423928447968903583e+02 4.534958015635786523e+02 3.401232654303342429e+02 2.660877335031928510e+02 2.147545788561953941e+02 1.775299604424820359e+02 1.495785064576919297e+02
3.180625692794118915e-04 5.345452415209051651e+03 1.929328586683923959e+03 1.045482016516936710e+03 6.714879832515365479e+02 4.740475014769077120e+02 3.555432835029972694e+02 2.781547298414117222e+02 2.244957850617118424e+02 1.855840481545523915e+02 1.563654410064780222e+02
3.331294787934673180e-04 5.585429465363030431e+03 2.016420864300189123e+03 1.092770723735362708e+03 7.018919804807281935e+02 4.955254485473401473e+02 3.716591435704149831e+02 2.907667469399586366e+02 2.346772722153904454e+02 1.940023678270848961e+02 1.634594449020439697e+02
3.489101213406771624e-04 5.835918846793751072e+03 2.107391346899196378e+03 1.142178001568185437e+03 7.336624894751560078e+02 5.179706887326930200e+02 3.885017861177645955e+02 3.039480863981736434e+02 2.453187074633698899e+02 2.028012176768921506e+02 1.708742793823041097e+02
3.654383070957255785e-04 6.097348177590480191e+03 2.202405707657211224e+03 1.193795992443043588e+03 7.668595546921258119e+02 5.414259543823599188e+02 4.061034565358837654e+02 3.177240992674729227e+02 2.564406108892504221e+02 2.119976049449297193e+02 1.786242910296122091e+02
3.827494478516312048e-04 6.370159068726487021e+03 2.301635639024911143e+03 1.247720504307887040e+03 8.015456971204527008e+02 5.659357719474127180e+02 4.244977623876559960e+02 3.321212114384518372e+02 2.680643905740888044e+02 2.216092747827313758e+02 1.867244639869233822e+02
4.008806328898464845e-04 6.654806496183640775e+03 2.405259244589191439e+03 1.304051150882354705e+03 8.377858546830556179e+02 5.915464893291012913e+02 4.437197132968959181e+02 3.471669767943907345e+02 2.802123783180425676e+02 2.316547354104438909e+02 1.951904502087649291e+02
4.198707084443908553e-04 6.951758612162589998e+03 2.513461046941663426e+03 1.362891310966084120e+03 8.756475873518254502e+02 6.183063761461309014e+02 4.638057946453102431e+02 3.628900810471352543e+02 2.929078474190508246e+02 2.421532819113431856e+02 2.040385637409051469e+02
4.397603609302718668e-04 7.261497169569671314e+03 2.626432259432219780e+03 1.424348197149889529e+03 9.152011635688567139e+02 6.462656317472125238e+02 4.847940081597087101e+02 3.793204118237570697e+02 3.061750344476764667e+02 2.531250371376677322e+02 2.132857864978702480e+02
4.605922041145105693e-04 7.584516773881336121e+03 2.744370528374171954e+03 1.488533133160082798e+03 9.565196739744499155e+02 6.754764938805805059e+02 5.067239225544910255e+02 3.964891044960157842e+02 3.200391992939493093e+02 2.645909772472027726e+02 2.229498323709319720e+02
4.824108704165368721e-04 7.921325811125347172e+03 2.867480412580271604e+03 1.555561629060071482e+03 9.996789766795654941e+02 7.059932840294651442e+02 5.296366397307667739e+02 4.144285951736574702e+02 3.345266532041206347e+02 2.765729649770451601e+02 2.330491852549661758e+02
5.052631065335679277e-04 8.272445438818374896e+03 2.995972986973980824e+03 1.625553489813582246e+03 1.044757831582719973e+03 7.378724929712727771e+02 5.535749321460272085e+02 4.331726326142036783e+02 3.496648015438318566e+02 2.890937511610956676e+02 2.436031152420554520e+02
5.291978735958440157e-04 8.638409753332663968e+03 3.130066372944859268e+03 1.698632729200518497e+03 1.091837932352996177e+03 7.711727703836304499e+02 5.785833126236727821e+02 4.527563229436089500e+02 3.654821435065205719e+02 3.021770347351242094e+02 2.546316760581920846e+02
5.542664520663104742e-04 9.019762546471552923e+03 3.269985365708190329e+03 1.774927764256140335e+03 1.141003987806014266e+03 8.059549785164814466e+02 6.047080924732739504e+02 4.732161887849662207e+02 3.820083544491472480e+02 3.158474759463584860e+02 2.661557559732860341e+02
5.805225516094897299e-04 9.417059289361550327e+03 3.415961843638860955e+03 1.854571044162019234e+03 1.192343855599582412e+03 8.422823370045455249e+02 6.319972856510638621e+02 4.945902005063687739e+02 3.992743308274662013e+02 3.301307514680579516e+02 2.781970784518359210e+02
6.080224261649421489e-04 9.830864535488208276e+03 3.568234505065387566e+03 1.937699594424645738e+03 1.245948584735677514e+03 8.802204727127485739e+02 6.605007216162900932e+02 5.169178262399886989e+02 4.173122268031069666e+02 3.450535748098652107e+02 2.907782580941089918e+02
6.368249944718586218e-04 1.026175298321588525e+04 3.727049043368905586e+03 2.024455201863281673e+03 1.301912453291830616e+03 9.198374375696433844e+02 6.902702087080864430e+02 5.402400191886489438e+02 4.361553838689038116e+02 3.606437438990949431e+02 3.039228416798922581e+02
6.669919663030119154e-04 1.071030582239411706e+04 3.892657621745756387e+03 2.114984469620615528e+03 1.360332839486177136e+03 9.612036022188892730e+02 7.213595972700686616e+02 5.645993274208648245e+02 4.558384289300781802e+02 3.769301380665150987e+02 3.176553432209792049e+02
6.985879746785244931e-04 1.117711132360204829e+04 4.065318664947368234e+03 2.209438133707965790e+03 1.421310497210655058e+03 1.004391888175246322e+03 7.538246078394715823e+02 5.900398911940345670e+02 4.763973660158732741e+02 3.939427642872663569e+02 3.320012271992541173e+02
7.316807143427194859e-04 1.166275972019476285e+04 4.245297121755710577e+03 2.307971407859610736e+03 1.484949451581314406e+03 1.049477726872895119e+03 7.877227717642407470e+02 6.166075348254981918e+02 4.978696204547817956e+02 4.117127911849783573e+02 3.469869453819671321e+02
7.663410868007456550e-04 1.216784287972938364e+04 4.432863903721840870e+03 2.410743957951953234e+03 1.551357194478245219e+03 1.096539222569174626e+03 8.231137748351150094e+02 6.443497319955673674e+02 5.202939680632262025e+02 4.302725802618855937e+02 3.626399711811878888e+02
8.026433522257172539e-04 1.269295292789996347e+04 4.628295884788045441e+03 2.517919990806631176e+03 1.620644424631235324e+03 1.145657099666625982e+03 8.600595775038275406e+02 6.733157017528143342e+02 5.437105644497114554e+02 4.496557104573201968e+02 3.789888217074069416e+02
8.406652885618322952e-04 1.323867994322945196e+04 4.831874333021801249e+03 2.629668106382646329e+03 1.692925311409730284e+03 1.196914816099809741e+03 8.986243033215749847e+02 7.035563330582383514e+02 5.681610510911095844e+02 4.698969804103847423e+02 3.960630898391115693e+02
8.804883581643459635e-04 1.380560874011660235e+04 5.043885728805959843e+03 2.746161174468695208e+03 1.768317288095663798e+03 1.250398267336686558e+03 9.388739760925693645e+02 7.351242774568581808e+02 5.936885812088962666e+02 4.910324803010437904e+02 4.138934408627268908e+02
9.221978823334323712e-04 1.439431316791284007e+04 5.264619655326991051e+03 2.867576123657591779e+03 1.846941211851441722e+03 1.306195953343738211e+03 9.808768075762297940e+02 7.680739907306970053e+02 6.203378496932144799e+02 5.130995837734841416e+02 4.325116988408529437e+02
9.658832241158701306e-04 1.500535641315717476e+04 5.494369760868446974e+03 2.994093366796952978e+03 1.928920937722336475e+03 1.364399013244503976e+03 1.024703150263958833e+03 8.024617725022736749e+02 6.481550649724420055e+02 5.361370137194586505e+02 4.519508693314490984e+02
1.011637979766206877e-03 1.563928239176110401e+04 5.733431403803868307e+03 3.125897011694292360e+03 2.014383402426288512e+03 1.425101257904264457e+03 1.070425617241913187e+03 8.383457642601129010e+02 6.771880066925007213e+02 5.601847961447284661e+02 4.722451449539216810e+02
1.059560179277615295e-03 1.629661888397307848e+04 5.982102248530115503e+03 3.263173815607781307e+03 2.103458615523467415e+03 1.488399091825784126e+03 1.118118919385698518e+03 8.757859237153668346e+02 7.074859032675809658e+02 5.852843455944124571e+02 4.934297815789865922e+02
1.109752496412071696e-03 1.697786954319880533e+04 6.240679298234549606e+03 3.406113777185552408e+03 2.196279537528440414e+03 1.554391404738751362e+03 1.167859974263210461e+03 9.148440452044536642e+02 7.390996013909042404e+02 6.114783794500124259e+02 5.155412490799477609e+02
1.162322468679852228e-03 1.768351331328000379e+04 6.509458971566777109e+03 3.554908934976271212e+03 2.292981676908502322e+03 1.623179491546988629e+03 1.219727723798176839e+03 9.555835946471059970e+02 7.720815332825527548e+02 6.388110245220851766e+02 5.386172731561707678e+02
1.217382727739660777e-03 1.841398807016977662e+04 6.788735425442970154e+03 3.709753711009289418e+03 2.393702437337739411e+03 1.694866613085465133e+03 1.273803160168009981e+03 9.980699024708886782e+02 8.064857768709447328e+02 6.673277725719887030e+02 5.626968629829639212e+02
1.275051240713012809e-03 1.916969519008979114e+04 7.078799337808070959e+03 3.870842669885329542e+03 2.498581543379323193e+03 1.769558317863569073e+03 1.330169138053558981e+03 1.042370007386832640e+03 8.423678336792620485e+02 6.970755396183045605e+02 5.878201592283137416e+02
1.335451562929898311e-03 1.995099156829711865e+04 7.379936344106948127e+03 4.038371305036485865e+03 2.607760262875091030e+03 1.847361926144219069e+03 1.388910213417925661e+03 1.088552752871874873e+03 8.797847610083686050e+02 7.281025111502223126e+02 6.140285106928751020e+02
1.398713102647237494e-03 2.075818823758904546e+04 7.692424048166880311e+03 4.212534384289385343e+03 2.721381603383234506e+03 1.928386750358414929e+03 1.450112815003333935e+03 1.136688360585534383e+03 9.187950685564906053e+02 7.604581888046046743e+02 6.413644617296613433e+02
1.464971398307285183e-03 2.159153721297664742e+04 8.016532492424850716e+03 4.393526119108763851e+03 2.839588840282294768e+03 2.012743177332908544e+03 1.513864996622144645e+03 1.186848666482586395e+03 9.594587609307794764e+02 7.941934256640541889e+02 6.698717696921065681e+02
1.534368408930011527e-03 2.245122847961184380e+04 8.352520126291357883e+03 4.581538601922247835e+03 2.962526133550626128e+03 2.100543043820642197e+03 1.580256324000681161e+03 1.239106890870469442e+03 1.001837059022616927e+03 8.293604074034009273e+02 6.995953537243295841e+02
1.607052818261638658e-03 2.333738401799128405e+04 8.700633648405746499e+03 4.776761310734526887e+03 3.090337080268971931e+03 2.191898662460597279e+03 1.649377007522389476e+03 1.293537694112088047e+03 1.045992356211652577e+03 8.660124540682531915e+02 7.305812452980611624e+02
1.683180353330956123e-03 2.425005097480282348e+04 9.061100664362305906e+03 4.979379341997247138e+03 3.223165064762453767e+03 2.286923052494376861e+03 1.721318433073664664e+03 1.350216622840004902e+03 1.091988272180564081e+03 9.042038032392299556e+02 7.628765459696512607e+02
1.762914118095946624e-03 2.518919404188462067e+04 9.434132367396539848e+03 5.189571907298849510e+03 3.361151554268959444e+03 2.385729139757751454e+03 1.796172529403349017e+03 1.409220035583658728e+03 1.139889510082452716e+03 9.439898112671647823e+02 7.965292434688199137e+02
1.846424942895543049e-03 2.615468358358986006e+04 9.819919110576905950e+03 5.407511928704701859e+03 3.504436185198416752e+03 2.488429640581700369e+03 1.874031968901458640e+03 1.470625099319785477e+03 1.189761664964078363e+03 9.854267426202015940e+02 8.315883250476017565e+02
1.933891750455229942e-03 2.714629261179457535e+04 1.021863001385250027e+04 5.633363554054544693e+03 3.653155681699452543e+03 2.595136572692350001e+03 1.954989171428132977e+03 1.534509495916614696e+03 1.241670736969092786e+03 1.028571797051030899e+03 8.681035228539320769e+02
2.025501939230665762e-03 2.816367936928040217e+04 1.063040489403040920e+04 5.867282190026842727e+03 3.807443278586738870e+03 2.705960703069462852e+03 2.039136493125796960e+03 1.600951281617828272e+03 1.295683403513314943e+03 1.073482618431014771e+03 9.061254040592148158e+02
2.121451784910629440e-03 2.920638817387203017e+04 1.105535408520027522e+04 6.109410992533536046e+03 3.967426967487239835e+03 2.821010589834109851e+03 2.126565370432989766e+03 1.670028195033713018e+03 1.351866517317873331e+03 1.120217501206252336e+03 9.457049074401735425e+02
2.221946860939522182e-03 3.027382566748097815e+04 1.149355594396950073e+04 6.359881416266868655e+03 4.133227866194254602e+03 2.940391008217499348e+03 2.217366195436667113e+03 1.741817899788216209e+03 1.410287274737234611e+03 1.168834793590528761e+03 9.868935853064004959e+02
2.327202478960407363e-03 3.136526603911341226e+04 1.194505411121744510e+04 6.618809016456114477e+03 4.304960961422774744e+03 3.064203932835718660e+03 2.311627653186163570e+03 1.816397108890694199e+03 1.471012538833243752e+03 1.219393146882221117e+03 1.029743306460020449e+03
2.437444150122219325e-03 3.247982255160542627e+04 1.240985069406410184e+04 6.886293802672322272e+03 4.482733470932323144e+03 3.192547427020379473e+03 2.409436138322378611e+03 1.893841703528807557e+03 1.534108928586834281e+03 1.271951176577769957e+03 1.074306269514228916e+03
2.552908068239516035e-03 3.361645400313878781e+04 1.288790011184201285e+04 7.162414378544302963e+03 4.666643557812044492e+03 3.325514986146042702e+03 2.510875020994837087e+03 1.974225072838893993e+03 1.599641497252684758e+03 1.326567416905604887e+03 1.120634103752908004e+03
2.673841615839946031e-03 3.477392780883782689e+04 1.337911501663337185e+04 7.447229745029962942e+03 4.856775879971120048e+03 3.463191985489697345e+03 2.616023204974615055e+03 2.057618880636193353e+03 1.667674255932913638e+03 1.383299141343539759e+03 1.168778061462634923e+03
2.800503894183629678e-03 3.595083365946064441e+04 1.388336508274147491e+04 7.740782053623175671e+03 5.053204675820713419e+03 3.605657599447821212e+03 2.724956698440003493e+03 2.144093683224362849e+03 1.738270915063038046e+03 1.442202397127866107e+03 1.218789708487313192e+03
2.933166278390042427e-03 3.714560640715350019e+04 1.440045104583970169e+04 8.043092092047108963e+03 5.255995481930344795e+03 3.752986022853100167e+03 2.837748845359528332e+03 2.233717953216107617e+03 1.811494162019557734e+03 1.503333009589802941e+03 1.270720681027758019e+03
3.072112998861756435e-03 3.835650850986347359e+04 1.493005053396494986e+04 8.354126176391037006e+03 5.465199101382666413e+03 3.905243713390000721e+03 2.954466013846015358e+03 2.326550126491036281e+03 1.887399146155538347e+03 1.566746389868366578e+03 1.324618868408699200e+03
3.217641750250735053e-03 3.958139204298952245e+04 1.547180319359398709e+04 8.673798847220641619e+03 5.680827406078265994e+03 4.062473581119160826e+03 3.075156378084973312e+03 2.422639119563453733e+03 1.966033520995042409e+03 1.632492867911460280e+03 1.380526994128936167e+03
3.370064329271926437e-03 4.081768374626002333e+04 1.602550268235272051e+04 9.002075946410135657e+03 5.902868943718346600e+03 4.224700110732097528e+03 3.199863292299478871e+03 2.522048170018008022e+03 2.047457129788029306e+03 1.700614799463158079e+03 1.438494014114635320e+03
3.529707302730648259e-03 4.206313356217993714e+04 1.659086869757200111e+04 9.338996155792145146e+03 6.131366485028802344e+03 4.391979091105045882e+03 3.328662947803642965e+03 2.624861325977753950e+03 2.131747495183226420e+03 1.771160517887680044e+03 1.498582893249002836e+03
3.696912707195024878e-03 4.331610987286084128e+04 1.716666502060358107e+04 9.684299521809378348e+03 6.366388807187302518e+03 4.564396626557515447e+03 3.461631691411943848e+03 2.731100095113118186e+03 2.218930076239960272e+03 1.844197268783678282e+03 1.560832775990285199e+03
3.872038781812552587e-03 4.457325987139852077e+04 1.775122814534795907e+04 1.003717591189446102e+04 6.607727177529970504e+03 4.741883856392181769e+03 3.598684572698176908e+03 2.840654941511650122e+03 2.308925639375439914e+03 1.919766662433959709e+03 1.625209218488273109e+03
4.055460735840826954e-03 4.582746999389586563e+04 1.834580108132054011e+04 1.039748467679644818e+04 6.854876952979234375e+03 4.924134951119707694e+03 3.739634256517165795e+03 2.953550157792629761e+03 2.401780339747993366e+03 1.997810876754523179e+03 1.691723333107593362e+03
4.247571552536896777e-03 4.707446273060369276e+04 1.895392565761395599e+04 1.076720307476299058e+04 7.108096094644180994e+03 5.111225084988552226e+03 3.884788057902749188e+03 3.070328606373546336e+03 2.497957806611034812e+03 2.078310119177901015e+03 1.760669610326689281e+03
4.448782831127581772e-03 4.832164907023269916e+04 1.956939511485127514e+04 1.114659727253696656e+04 7.368908437195334955e+03 5.304193455068670119e+03 4.034973365764051323e+03 3.191257054622618853e+03 2.597611336945557468e+03 2.161615742336631229e+03 1.832271478608041662e+03
4.659525668664678613e-03 4.956986802962970978e+04 2.017319074535617983e+04 1.152700885422198371e+04 7.636552647059724222e+03 5.503084771235842709e+03 4.189426564515705650e+03 3.314471215281761488e+03 2.699147881212173161e+03 2.248055777908439723e+03 1.905631167365693273e+03
4.880251583654427253e-03 5.077453661897550774e+04 2.075995700633549131e+04 1.189958834126652437e+04 7.904479203627325660e+03 5.703782791252056086e+03 4.344741986577546413e+03 3.437707094031153247e+03 2.800890460497200365e+03 2.336524395499589900e+03 1.979485550111754037e+03
5.111433483440164932e-03 5.188651834021926334e+04 2.135391528361281962e+04 1.227303835876990161e+04 8.168297479311536335e+03 5.902406225783648551e+03 4.499520667436986514e+03 3.562734081375447659e+03 2.904605147513099382e+03 2.425267905868241542e+03 2.054653210843249781e+03
5.353566677410721841e-03 5.294354887628267170e+04 2.197327796143703381e+04 1.266222382982843737e+04 8.435872717456228202e+03 6.103414163826683762e+03 4.658278476289886385e+03 3.693408899023315371e+03 3.013337699164183505e+03 2.515123227297673111e+03 2.133272974769393841e+03
5.607169938205453820e-03 5.401915423119535262e+04 2.260417382815864039e+04 1.306591307913286619e+04 8.716327466115781135e+03 6.313799000443887962e+03 4.825127335309925911e+03 3.830122476500718221e+03 3.126977939466779844e+03 2.608919791022254685e+03 2.215717441797939955e+03
5.872786613189478859e-03 5.510869819847748295e+04 2.322902738473866339e+04 1.347322892653439521e+04 9.006680491883278592e+03 6.532852899427131888e+03 4.997991062622463687e+03 3.970342275724253341e+03 3.243478308933405515e+03 2.707368078689351933e+03 2.300649871206179341e+03
6.150985788580495481e-03 5.615495300002614385e+04 2.384620906676088634e+04 1.388000888276282967e+04 9.299886730240812540e+03 6.755581954243099972e+03 5.173554268568454972e+03 4.112799081270047282e+03 3.362105620219875163e+03 2.808708895491497060e+03 2.387368749262861002e+03
6.442363508721367545e-03 5.713208813371996075e+04 2.445846765948796383e+04 1.428820360179270756e+04 9.594358183407448450e+03 6.980188783669767872e+03 5.351469210651227513e+03 4.258002872152766031e+03 3.483337505894495280e+03 2.911877678907016161e+03 2.476176194503362240e+03
6.747544053110689742e-03 5.804636980634433712e+04 2.506423524138393259e+04 1.469813108936838398e+04 9.891452765222304151e+03 7.207660297535747304e+03 5.532486582302348324e+03 4.406263913744501224e+03 3.607354099917417443e+03 3.017222355454612170e+03 2.567278843726880496e+03
7.067181273927488835e-03 5.889770157061987993e+04 2.565984667227084719e+04 1.510771396099372760e+04 1.019117901285828884e+04 7.438260638831650795e+03 5.716553013216645013e+03 4.557267940616225133e+03 3.733892443508762426e+03 3.125024899392898988e+03 2.660539571355604039e+03
7.401959996915636469e-03 5.967511489703931875e+04 2.624235734405415860e+04 1.551505827881998266e+04 1.049238861080276729e+04 7.671202657539161919e+03 5.903111876904442397e+03 4.710665776794675367e+03 3.862715271012048561e+03 3.235096690078993106e+03 2.755801623755263790e+03
7.752597488629456302e-03 6.036822056194420293e+04 2.680934284777966604e+04 1.591900090608995379e+04 1.079404286330278956e+04 7.905778892534352963e+03 6.091743213681038469e+03 4.866270411175189111e+03 3.993703624908212532e+03 3.347203355907839068e+03 2.852996497648577588e+03
8.119844993184008319e-03 6.096954082380576438e+04 2.735796434164237871e+04 1.631832657903027757e+04 1.109529479771133083e+04 8.141609642401854217e+03 6.282161381397343575e+03 5.023893085836013597e+03 4.126718516555698443e+03 3.461229107639789618e+03 2.952055145806842575e+03
8.504489341802669994e-03 6.147168255978824163e+04 2.788492236295233670e+04 1.671155051488936442e+04 1.139523258637264917e+04 8.378234859253685499e+03 6.474035148579887391e+03 5.183247607702436653e+03 4.261555081809563490e+03 3.577064854892207677e+03 3.052862377266279964e+03
8.907354638610434638e-03 6.186620144385759340e+04 2.838680765548609634e+04 1.709705940095653204e+04 1.169284939853265314e+04 8.614903148517823865e+03 6.666970372409195988e+03 5.344005001103742870e+03 4.397978974123238913e+03 3.694543353762558127e+03 3.155280414392624152e+03
9.329304026284681098e-03 6.214476603935076855e+04 2.886013755295404189e+04 1.747305882548080626e+04 1.198709594857713819e+04 8.850791276416654000e+03 6.860492181382840499e+03 5.505853926150770349e+03 4.535730818460374394e+03 3.813465435273452840e+03 3.259162411646401324e+03
9.771241535346487581e-03 6.229939821398602362e+04 2.930132063931224548e+04 1.783764387278465802e+04 1.227691450205998080e+04 9.085139452965417149e+03 7.053993720263459181e+03 5.668472469896382790e+03 4.674531239669379829e+03 3.933609717974803971e+03 3.364347410129075797e+03
1.023411402105452346e-02 6.232267023014486040e+04 2.970658077073700770e+04 1.818875029186317988e+04 1.256117424555003527e+04 9.317175841786045567e+03 7.246833385574968815e+03 5.831420039697104585e+03 4.814098546646823706e+03 4.054734833996831640e+03 3.470645013826622289e+03
1.071891319205127251e-02 6.220756343411365378e+04 3.007206300141454994e+04 1.852421481123214107e+04 1.283856117481596084e+04 9.546082079900756071e+03 7.438393059831321807e+03 5.994158514847264087e+03 4.954128125686436761e+03 4.176595770361421273e+03 3.577840290420556357e+03
1.122667773510812282e-02 6.194784258260975912e+04 3.039370396118212375e+04 1.884176466296927538e+04 1.310766878204686691e+04 9.770992989415195552e+03 7.628033214490191313e+03 6.156155330467882777e+03 5.094212246556818172e+03 4.298937548529284868e+03 3.685715764064760151e+03
1.175849554052155882e-02 6.153833811971085379e+04 3.066742605337981149e+04 1.913905418226970505e+04 1.336698607823295060e+04 9.990925564910656249e+03 7.815084067808112195e+03 6.316892989571808357e+03 5.233874319875547371e+03 4.421429699033843463e+03 3.794049463546360585e+03
1.231550603292825077e-02 6.097511774710177997e+04 3.088907887821089389e+04 1.941364636096296454e+04 1.361493372850577725e+04 1.020480407111977547e+04 7.998837785503453233e+03 6.475826798408253126e+03 5.372644330910381541e+03 4.543662251644068419e+03 3.902558695355767213e+03
1.289890261253307316e-02 6.025590033790872985e+04 3.105459169676694728e+04 1.966304090583653306e+04 1.384985092974928739e+04 1.041147816094092195e+04 8.178482472493950809e+03 6.632382645152016266e+03 5.510054345523236407e+03 4.665220142037735059e+03 4.010884585424862053e+03
1.350993521198025869e-02 5.938013884614285053e+04 3.115993641203611332e+04 1.988464295402300195e+04 1.407002150638505736e+04 1.060972781295750428e+04 8.353135718347855800e+03 6.785936963483744876e+03 5.645617540517990165e+03 4.785699344842707433e+03 4.118659088119956323e+03
1.414991297434575052e-02 5.834955530137360620e+04 3.120125844151349156e+04 2.007576549536635503e+04 1.427366026591066111e+04 1.079827886143174510e+04 8.521853523625521120e+03 6.935778652766922278e+03 5.778829194627001016e+03 4.904679170103251636e+03 4.225526527752466791e+03
1.482020705798856725e-02 5.716831402913587226e+04 3.117494273093400989e+04 2.023371478000322895e+04 1.445893151549980030e+04 1.097580044134488890e+04 8.683640244185839038e+03 7.081152378139911889e+03 5.909129015471628009e+03 5.021722830839760718e+03 4.331116992663186466e+03
1.552225357427046079e-02 5.584321610087512818e+04 3.107769649477827261e+04 2.035578016340498652e+04 1.462393446045729615e+04 1.114092046668166040e+04 8.837453750061229584e+03 7.221245915828965735e+03 6.035880009453974708e+03 5.136358496767460565e+03 4.435045475479133529e+03
1.625755666443793115e-02 5.438435136562953267e+04 3.090670754806162222e+04 2.043932882508630064e+04 1.476669954911387686e+04 1.129220831210304095e+04 8.982208004519465248e+03 7.355212435324299804e+03 6.158406674653530899e+03 5.248041779538420997e+03 4.536899833745213982e+03
1.702769172225897937e-02 5.280428716937565332e+04 3.065971174970170614e+04 2.048178170377083370e+04 1.488525289813434392e+04 1.142820493020861431e+04 9.116779430141998091e+03 7.482158371734852153e+03 6.275987336244442304e+03 5.356193206148474019e+03 4.636204457212654233e+03
1.783430876931907730e-02 5.111956367986014811e+04 3.033517437532134863e+04 2.048073230255119779e+04 1.497760339782027768e+04 1.154737566408255952e+04 9.239997463586119920e+03 7.601162255694252053e+03 6.387872284483836665e+03 5.460191436670990697e+03 4.732450959523152960e+03
1.867913599020781107e-02 4.934855680592737917e+04 2.993244018283621335e+04 2.043392645864268343e+04 1.504181518571580818e+04 1.164818377485249948e+04 9.350666049544017369e+03 7.711262016966688861e+03 6.493274625916147670e+03 5.559389448541988713e+03 4.825093703004587951e+03
1.956398343517061489e-02 4.751413062525918940e+04 2.945178974425430715e+04 2.033939691559272978e+04 1.507598317057789791e+04 1.172906448047140293e+04 9.447533271562835580e+03 7.811471637916502914e+03 6.591387273177271709e+03 5.653107249729226169e+03 4.913562806703665956e+03
2.049074689815845104e-02 4.563971069061566959e+04 2.889481916549564994e+04 2.019552927447163893e+04 1.507832699789825710e+04 1.178848780450908816e+04 9.529346753689207617e+03 7.900766034006003792e+03 6.681366749020667157e+03 5.740645034600397594e+03 4.997259909431728374e+03
2.146141197858402599e-02 4.375150576804222510e+04 2.826418522253066476e+04 2.000112854556722959e+04 1.504718035432555553e+04 1.182494536660457925e+04 9.594828071754271150e+03 7.978090581329754059e+03 6.762355536320420470e+03 5.821274109797056553e+03 5.075567567062363196e+03
2.247805833548724430e-02 4.187520895809590002e+04 2.756431438998271187e+04 1.975556550495910778e+04 1.498108200468303585e+04 1.183700388437177207e+04 9.642729396715032635e+03 8.042384759859051883e+03 6.833454261343315920e+03 5.894249218990936242e+03 5.147844877231655119e+03
2.354286414322414797e-02 4.003959169462534919e+04 2.680073450938847236e+04 1.945877515586847585e+04 1.487882135538596231e+04 1.182331847116941026e+04 9.671819691059694378e+03 8.092581281435842357e+03 6.893754447107499800e+03 5.958795627944102307e+03 5.213434417892767669e+03
2.465811075822601020e-02 3.827220487510380190e+04 2.598096610458289433e+04 1.911148798572267333e+04 1.473948746171236598e+04 1.178267077652570879e+04 9.680933954863268809e+03 8.127639614116831581e+03 6.942338905972511384e+03 6.014117987371586423e+03 5.271655804078829533e+03
2.582618760682674555e-02 3.659147734572934132e+04 2.511362564325417770e+04 1.871518169335303901e+04 1.456257563120152918e+04 1.171403073412650883e+04 9.668977770510546179e+03 8.146535658354474435e+03 6.978303389508252621e+03 6.059419578682442079e+03 5.321805585757591871e+03
2.704959730463131831e-02 3.500911228177871817e+04 2.420922012685863592e+04 1.827229617903684266e+04 1.434799330976394958e+04 1.161658407955163602e+04 9.634964833365636878e+03 8.148312034273546487e+03 7.000762679440228567e+03 6.093905221399149923e+03 5.363179747029898863e+03
2.833096101839321923e-02 3.354357586591196014e+04 2.327937630427003387e+04 1.778624613411083556e+04 1.409621423391768985e+04 1.148979966720180164e+04 9.578060557725792023e+03 8.132072722551191873e+03 7.008865012728427246e+03 6.116800768181517014e+03 5.395070614706717606e+03
2.967302408188867563e-02 3.222014212854217112e+04 2.233650543487121104e+04 1.726138089219260655e+04 1.380827389021609270e+04 1.133347807890717013e+04 9.497605489647979994e+03 8.097032703064543966e+03 7.001818603615498432e+03 6.127347872618918700e+03 5.416791420309428759e+03
3.107866187782009487e-02 3.103947562903529251e+04 2.139373777553230684e+04 1.670322648394418502e+04 1.348587940148146663e+04 1.114778500483951757e+04 9.393175882081890450e+03 8.042537142529537050e+03 6.978900372449901624e+03 6.124842196605700337e+03 5.427669087535718063e+03
3.255088599835054969e-02 2.997348102782496790e+04 2.046446230061771712e+04 1.611802122420960586e+04 1.313148992039216500e+04 1.093337983008328229e+04 9.264617270542370534e+03 7.968091159042959589e+03 6.939497382267329158e+03 6.108633682469011546e+03 5.427076491520999298e+03
3.409285069746810504e-02 2.899535644160010270e+04 1.956340587606860572e+04 1.551337716716589239e+04 1.274820039082665971e+04 1.069133202892206828e+04 9.112081077323799036e+03 7.873418157360928490e+03 6.883122836210321111e+03 6.078161730257214003e+03 5.414428515279667408e+03
3.570785964900458770e-02 2.808033672396724796e+04 1.870229617554276774e+04 1.489705684445373299e+04 1.234002419673114309e+04 1.042338479393051057e+04 8.936115264177942663e+03 7.758460645942908741e+03 6.809449038821383510e+03 6.032968778666099752e+03 5.389215535037677000e+03
3.739937302478793524e-02 2.719866184931149110e+04 1.788809686379171035e+04 1.427774990166454700e+04 1.191144394385525084e+04 1.013168891992574390e+04 8.737610584136853504e+03 7.623466043284588523e+03 6.718349247918076799e+03 5.972724544801477350e+03 5.351020313633294791e+03
3.917101490809256348e-02 2.631666029447305118e+04 1.712733644768061276e+04 1.366390619761848757e+04 1.146801322147769679e+04 9.819170024809975075e+03 8.518005109771824209e+03 7.468977343282650509e+03 6.609899270940381030e+03 5.897272300248843749e+03 5.299535054894085988e+03
4.102658105827187290e-02 2.539499638005636007e+04 1.643213535827242595e+04 1.306514927681904737e+04 1.101539801729159626e+04 9.489128989367820395e+03 8.279068377553890969e+03 7.295901111864101040e+03 6.484472483902141903e+03 5.806623865399091301e+03 5.234599514162625383e+03
4.297004704320836477e-02 2.438555296885961070e+04 1.581151477115840135e+04 1.249023655094788046e+04 1.055996389330376223e+04 9.145635782481453134e+03 8.023210657034862379e+03 7.105541995988071903e+03 6.342677294625161267e+03 5.701036342160577078e+03 5.156200816719121576e+03
4.500557675700495031e-02 2.324786767762060845e+04 1.525605378589943939e+04 1.194478096154237937e+04 1.010792100686407503e+04 8.793101862402985716e+03 7.753132550116494713e+03 6.899550007832140182e+03 6.185513147603713151e+03 5.580980413278613923e+03 5.064534068343407853e+03
4.713753134116717425e-02 2.196888705086336631e+04 1.475151373329553826e+04 1.143265579431319748e+04 9.666288873235036590e+03 8.436300376230814436e+03 7.472189837798598091e+03 6.680071577514252567e+03 6.014234143165065689e+03 5.447231237646340560e+03 4.959990893155361846e+03
4.937047852838997303e-02 2.056832274663117641e+04 1.428525015220746536e+04 1.096059469118572815e+04 9.241697139901018090e+03 8.080193837700231597e+03 7.183981803751677944e+03 6.449504923166804474e+03 5.830523536864585367e+03 5.300831938400327090e+03 4.843213395688866513e+03
5.170920242896753782e-02 1.909714154068882635e+04 1.384397349331672922e+04 1.053663213649745012e+04 8.838556747227985397e+03 7.729948295855044307e+03 6.892434077028899992e+03 6.210832272360617026e+03 5.636326206884506973e+03 5.143131779181522688e+03 4.715100781274756628e+03
5.415871378079464143e-02 1.762304808505509209e+04 1.341176516766501481e+04 1.015916131165078878e+04 8.459740824807204262e+03 7.391128131849766760e+03 6.601593257024496779e+03 5.967098059102923798e+03 5.433992109492200143e+03 4.975797109985178395e+03 4.576795512557681832e+03
5.672426068491971674e-02 1.621510129692663941e+04 1.297017544766979518e+04 9.818844817438959581e+03 8.109859919998024452e+03 7.068030592108998462e+03 6.315719467911400898e+03 5.721738004362272477e+03 5.226143884018696554e+03 4.800742802352923718e+03 4.429752301990721207e+03
5.941133984965028120e-02 1.493753042679325517e+04 1.249755543997222958e+04 9.507109645112101134e+03 7.795073979023584798e+03 6.763225999354844134e+03 6.039356517417696523e+03 5.478109759957917049e+03 5.015568985938222795e+03 4.620257579442036331e+03 4.275612457759573772e+03
6.222570836730220711e-02 1.384404775060562133e+04 1.196929602022138533e+04 9.215795417775139867e+03 7.515376641417180508e+03 6.479385027146236098e+03 5.775968053656783013e+03 5.240004550302143798e+03 4.805225126449139680e+03 4.436689759689106722e+03 4.116386721718806257e+03
6.517339604882416149e-02 1.296775278594123301e+04 1.137158403523808920e+04 8.934855672438106922e+03 7.264019072248683187e+03 6.221292735356254525e+03 5.527632466530665624e+03 5.011049067611153077e+03 4.598133994399986477e+03 4.252648683058144343e+03 3.954126672621472608e+03
6.826071834272381955e-02 1.230102442509911634e+04 1.070583952624455924e+04 8.652907682500697774e+03 7.034599039757921673e+03 5.991928324580248045e+03 5.296600485989653862e+03 4.793715273876063293e+03 4.397626575590458742e+03 4.070684895158426116e+03 3.791136584499040509e+03
7.149428986597573810e-02 1.178761949618570543e+04 9.989983103336133354e+03 8.356661829383994700e+03 6.821148821402796784e+03 5.787234130374245979e+03 5.086854466929675255e+03 4.589607469562787628e+03 4.206347718468100538e+03 3.893720820366846056e+03 3.629660903974543544e+03
7.488103857590013013e-02 1.133666398348605253e+04 9.255116938404597022e+03 8.029559574834047453e+03 6.616411389908411365e+03 5.601921942837808274e+03 4.900704380946591300e+03 4.401159692188943154e+03 4.025878631987442532e+03 3.724315714524159830e+03 3.472270782081202469e+03
7.842822061337671735e-02 1.085149344988782104e+04 8.536422439240315725e+03 7.658887317714568781e+03 6.412115122486449764e+03 5.431260502559125598e+03 4.734710969652313906e+03 4.231765272814854143e+03 3.857768727850444066e+03 3.564067768016218452e+03 3.321318976671102064e+03
8.214343584919420183e-02 1.026218578345755850e+04 7.867552224180454687e+03 7.241241547017034463e+03 6.198505189666861952e+03 5.270074055280520042e+03 4.584575766343808027e+03 4.081735181407132586e+03 3.704879378045789508e+03 3.414183111287286920e+03 3.178327081451082449e+03
8.603464416684492022e-02 9.552330498284454734e+03 7.278884473865703512e+03 6.784205626659555492e+03 5.963448233566079580e+03 5.112193393997731619e+03 4.446437206890901507e+03 3.947488408643640469e+03 3.569230248648346333e+03 3.276885314704335087e+03 3.044350809977481276e+03
9.011018251665010859e-02 8.764049272732734607e+03 6.793294376963589457e+03 6.305706151023688108e+03 5.696717673054422448e+03 4.950331570239773100e+03 4.316020019247009259e+03 3.825559912507162153e+03 3.448644340597669725e+03 3.154522022825997738e+03 2.921238244017909437e+03
9.437878277775374469e-02 7.979972188347033807e+03 6.418044093313286794e+03 5.828552615419113863e+03 5.394791163942210005e+03 4.775759108479306633e+03 4.188246901033175163e+03 3.712742762823536850e+03 3.339997238263912095e+03 3.046179113394007345e+03 2.811227898330756489e+03
9.884959046625570178e-02 7.298524294330778503e+03 6.137043297738387082e+03 5.375698832899083754e+03 5.062302439941352532e+03 4.578832766100054869e+03 4.057072345959584709e+03 3.605123239603942238e+03 3.240496092844460236e+03 2.949049220157811305e+03 2.713978110630563151e+03
1.035321843295661098e-01 6.786433164659173599e+03 5.911604067433881028e+03 4.968505943313327407e+03 4.711780236741660701e+03 4.354377060089308543e+03 3.915206432407864213e+03 3.498187150366310107e+03 3.147119449598831125e+03 2.860611765242203091e+03 2.627029803767893100e+03
1.084365968689609272e-01 6.426720535415713130e+03 5.691971616914447623e+03 4.624534820411918190e+03 4.359995212577241546e+03 4.103264092295115006e+03 3.754707176390940731e+03 3.386544514241900742e+03 3.056197722872116174e+03 2.778383713023367363e+03 2.548124145768672406e+03
1.135733358343103683e-01 6.139983629312125231e+03 5.433572906400666398e+03 4.353675395714035403e+03 4.024174236478928378e+03 3.832873895807214922e+03 3.571364906226088806e+03 3.263446699089476624e+03 2.963380699917578113e+03 2.699241213823635917e+03 2.475103668850001668e+03
1.189534067370318221e-01 5.835234146175997921e+03 5.113004587094336785e+03 4.151657584742681138e+03 3.720460572148159372e+03 3.555553118129725590e+03 3.365982699408796634e+03 3.122904066538031202e+03 2.863419849176522803e+03 2.619561328530765422e+03 2.405251108633688091e+03
1.245883364295006790e-01 5.450809690359853448e+03 4.737412670347420317e+03 3.997874879741416862e+03 3.462436283767017358e+03 3.285101325074940178e+03 3.144752720984730786e+03 2.962575227708654893e+03 2.750270599421094630e+03 2.535030792160559031e+03 2.335428627183919161e+03
1.304901978014400554e-01 5.011469268871828717e+03 4.340256424620132748e+03 3.860766811821442843e+03 3.258513712689247768e+03 3.034757659589244668e+03 2.917919559072437096e+03 2.784648513041217029e+03 2.620400834274543740e+03 2.440242980535778315e+03 2.261894755685280415e+03
1.366716356462004955e-01 4.599633874361245944e+03 3.970040062672453132e+03 3.707695077281806789e+03 3.106908955963915105e+03 2.816459469349290430e+03 2.696898276672967768e+03 2.595788092756014976e+03 2.473879887612058610e+03 2.331280927557666018e+03 2.179875916125886306e+03
1.431458937523477637e-01 4.279284126241562262e+03 3.673115036781497565e+03 3.516042659663463382e+03 2.993543435238090751e+03 2.639082972245767451e+03 2.492639112245664819e+03 2.405229822495075496e+03 2.314774046236130744e+03 2.207205733836244690e+03 2.085541065669283853e+03
1.499268432786043104e-01 4.047209421902731265e+03 3.463502641771839535e+03 3.282300893484738026e+03 2.895377607762797197e+03 2.504937830984318225e+03 2.315006467816172517e+03 2.222625349883690888e+03 2.150382271482793840e+03 2.070603228402712375e+03 1.977606732516338070e+03
1.570290124729375181e-01 3.841280128688066270e+03 3.312695234874015568e+03 3.022983259001302940e+03 2.787492378778176771e+03 2.406909937516500122e+03 2.171305508731163172e+03 2.057122030155633638e+03 1.989092687963712933e+03 1.927322318188624422e+03 1.857915302701736891e+03
1.644676177994662258e-01 3.602612467866843872e+03 3.174509469172057834e+03 2.767996696692368459e+03 2.651452418576574019e+03 2.329090091410838340e+03 2.063311860090826485e+03 1.916553486299869974e+03 1.839073653508711459e+03 1.784646974430123009e+03 1.731341723468951841e+03
1.722585965398783781e-01 3.342738672514507016e+03 3.005924782749249061e+03 2.551451439389340521e+03 2.482670719637470029e+03 2.251376637516968913e+03 1.984946327380435150e+03 1.805992963572177359e+03 1.707819911044060973e+03 1.649894886310683887e+03 1.604298591696391668e+03
1.804186409392069812e-01 3.112105301339760445e+03 2.795492453840029157e+03 2.393541814694342065e+03 2.292092649398227877e+03 2.155961261376899529e+03 1.922860964304050412e+03 1.724894840685433110e+03 1.601088345698263083e+03 1.529934040538177214e+03 1.483368463956937831e+03
1.889652339691207938e-01 2.934000869411588610e+03 2.576512669938584168e+03 2.284860183415486063e+03 2.101564269450969732e+03 2.033959764899749871e+03 1.860292407269850628e+03 1.665781469450376107e+03 1.520828803058927178e+03 1.430371251859745144e+03 1.374780316057906248e+03
1.979166867853553724e-01 2.777024267374380997e+03 2.391071801275219059e+03 2.196665594335107471e+03 1.937118514428362914e+03 1.889174620889627249e+03 1.782478241124654232e+03 1.615859590690050936e+03 1.463273900071411845e+03 1.354123638564977455e+03 1.283757671866599594e+03
2.072921779595368330e-01 2.610436113407340599e+03 2.256384854346490101e+03 2.097287279887590557e+03 1.816118338464081489e+03 1.736102421361466213e+03 1.682203541746524479e+03 1.560819925980676317e+03 1.419037146621269358e+03 1.299389234378817491e+03 1.213405804830711077e+03
2.171117945694501505e-01 2.445855572958731500e+03 2.152434796109714625e+03 1.967783038712085954e+03 1.733911586190838761e+03 1.595207419108658087e+03 1.562891663458156472e+03 1.489610974152250719e+03 1.375725855761600542e+03 1.259077290779297300e+03 1.162791576463299180e+03
2.273965752357926251e-01 2.306479502163616871e+03 2.042781742477714715e+03 1.820875394166816250e+03 1.669619638210762560e+03 1.485033908424932633e+03 1.436868595962283052e+03 1.398922978222755546e+03 1.321866551026011621e+03 1.222627420073459916e+03 1.126185089353740750e+03
2.381685551976154835e-01 2.184544484136336450e+03 1.913494015493497955e+03 1.686392299263224231e+03 1.598990656444174874e+03 1.409693049568112428e+03 1.321362204238404047e+03 1.294558278746154656e+03 1.251156584271841211e+03 1.179247834134269397e+03 1.094418509479993418e+03
2.494508135230313339e-01 2.063321050321260827e+03 1.785941191287399761e+03 1.584700035123110410e+03 1.505547578174208184e+03 1.356310932046419339e+03 1.231720593628557936e+03 1.188939013474341209e+03 1.165211405887083856e+03 1.121701157231372690e+03 1.057634086645114621e+03
2.612675225563326209e-01 1.948787507532460950e+03 1.682712273877013786e+03 1.511274209191064529e+03 1.396365652363658455e+03 1.305607229204763144e+03 1.170956116694688262e+03 1.097248420365685661e+03 1.072675966641492096e+03 1.049412317563637544e+03 1.008652683923803011e+03
2.736439997074666675e-01 1.847986332183586001e+03 1.600231686485751879e+03 1.442839534862872824e+03 1.293954768069613920e+03 1.239992142822189408e+03 1.128017826353815281e+03 1.030084702308600754e+03 9.863346830083154373e+02 9.685946411839317989e+02 9.460171026063310364e+02
2.866067616948247965e-01 1.753696822219401838e+03 1.517917897300361574e+03 1.360753588734147115e+03 1.215405360510127366e+03 1.156583596887751810e+03 1.086698400725907504e+03 9.854508503938404829e+02 9.183371969266239603e+02 8.899023660636905788e+02 8.745665538420928442e+02
3.001835813575586265e-01 1.663911537953199286e+03 1.430490429969755496e+03 1.272485140373253671e+03 1.159473125128722813e+03 1.070643426004690582e+03 1.032379510197167519e+03 9.515919604133222265e+02 8.722476805679893914e+02 8.249468494673805026e+02 8.034848882145197422e+02
3.144035471591494768e-01 1.582180909188326041e+03 1.351343496459745438e+03 1.195956948080806342e+03 1.109256835297821453e+03 9.995287276004521573e+02 9.631260909867803548e+02 9.143168953474788623e+02 8.406608114010999770e+02 7.796047590493468533e+02 7.433870990412375477e+02
3.292971255097142946e-01 1.505939383802268139e+03 1.284609082183820419e+03 1.136861013225076704e+03 1.049036218441111942e+03 9.490046593784483093e+02 8.920831177871287991e+02 8.634218467346739772e+02 8.115256744041437287e+02 7.496016710985113605e+02 7.006915944510565168e+02
3.448962260405754598e-01 1.434280581632629264e+03 1.221213753124456616e+03 1.082641473169806886e+03 9.824831327361946478e+02 9.094079086766115552e+02 8.337134982407101234e+02 8.023794102483216193e+02 7.732744509844644654e+02 7.247712293531725436e+02 6.727398229715597608e+02
3.612342699709426008e-01 1.367886938818165390e+03 1.158235542683263020e+03 1.024070466045608100e+03 9.234284831235149795e+02 8.654758220894115084e+02 7.924672517524771820e+02 7.443143074512998965e+02 7.229919253944678985e+02 6.941980164350684390e+02 6.507850020531924429e+02
3.783462617131921335e-01 1.305480566984615052e+03 1.101256784374389326e+03 9.671143218552678036e+02 8.778635300534757562e+02 8.130636197817269704e+02 7.599248872153251568e+02 6.996903194278698948e+02 6.698525982834057686e+02 6.523169894644263422e+02 6.248664480472173182e+02
3.962688638701473698e-01 1.247025290386448660e+03 1.049580496260159407e+03 9.188631451037516626e+02 8.370839500309983805e+02 7.620813500739286610e+02 7.233057330852772111e+02 6.683460647867265152e+02 6.252339653699550581e+02 6.049502799124501280e+02 5.888036028017095305e+02
4.150404757850468807e-01 1.192099464045334116e+03 9.997335624688779490e+02 8.753938084031091194e+02 7.930588208764871752e+02 7.214464010353851791e+02 6.795791083307095732e+02 6.406221871272749695e+02 5.936193406636225518e+02 5.626958210903374038e+02 5.465300380434300678e+02
4.347013158125022092e-01 1.140325437012452539e+03 9.532117480386320949e+02 8.316475400184764339e+02 7.492787450624527992e+02 6.883414728619702601e+02 6.372694191021854522e+02 6.069415790765796146e+02 5.694935619617036764e+02 5.318234536191436064e+02 5.075872279227755826e+02
4.552935074866943932e-01 1.091465991875882310e+03 9.102081586931174115e+02 7.905163118152167954e+02 7.118634019000196531e+02 6.542644992863040443e+02 6.036863357585505128e+02 5.689606451839722467e+02 5.430326160495976637e+02 5.096191078498124511e+02 4.785401486093448966e+02
4.768611697714462139e-01 1.045200483592446744e+03 8.693014612358781505e+02 7.537426220628328792e+02 6.785598062702952120e+02 6.180773231015094780e+02 5.761416232049900827e+02 5.348472554013309264e+02 5.107437309250433373e+02 4.875646540948206962e+02 4.580558785794881373e+02
4.994505115855137345e-01 1.001322026541614264e+03 8.309378523666600813e+02 7.186743376512606574e+02 6.450777193859806857e+02 5.856264629996121585e+02 5.475618687330254488e+02 5.085171778174328665e+02 4.786221571690851420e+02 4.600697671197387422e+02 4.388000646677415375e+02
5.231099308056256225e-01 9.595885339751222318e+02 7.948007814739410151e+02 6.851767265794769628e+02 6.131694202775702252e+02 5.578814466014708842e+02 5.172646308259121497e+02 4.851233353776310082e+02 4.527342993652450787e+02 4.308657912643777195e+02 4.147949440829343075e+02
5.478901179593932413e-01 9.198020953357162171e+02 7.605302385690011988e+02 6.542542790361924290e+02 5.845855269527763767e+02 5.309351557199762510e+02 4.901807531842120511e+02 4.597528193391587479e+02 4.319069312740116402e+02 4.061478877943889643e+02 3.884267444502312401e+02
5.738441648302390341e-01 8.817899120312463310e+02 7.281234682549226136e+02 6.249348005839644884e+02 5.574425103255572367e+02 5.041983120743347513e+02 4.669312442599672863e+02 4.341996259599651466e+02 4.106589299192813769e+02 3.869378904335979428e+02 3.654578605680752617e+02
6.010276782070375079e-01 8.453967366082071067e+02 6.973043157434495924e+02 5.971328225426360632e+02 5.313378345302073740e+02 4.799396677098998225e+02 4.442302077273931786e+02 4.121913846469892064e+02 3.877965097253095905e+02 3.685110878620513404e+02 3.477356138437020832e+02
6.294988990221875858e-01 8.104832741011559847e+02 6.679645598470515324e+02 5.709691395424912344e+02 5.071521629564933846e+02 4.575467973033524913e+02 4.217386309613112871e+02 3.926108517919503242e+02 3.669761890036492673e+02 3.483227339378262286e+02 3.313190516407770474e+02
6.593188271333542128e-01 7.769271660440663254e+02 6.399638252379488677e+02 5.460551443938578586e+02 4.842364667823777609e+02 4.358028971708243375e+02 4.013272397649545269e+02 3.729007384277379629e+02 3.491733070269747827e+02 3.290140707043324255e+02 3.133191608787724363e+02
6.905513520162318564e-01 7.446229371344919628e+02 6.131771357239474582e+02 5.224083088502953842e+02 4.624132760488346321e+02 4.154247988805428236e+02 3.824089660061399059e+02 3.539658297656440027e+02 3.319959972031493294e+02 3.125692938125097839e+02 2.956377134409536893e+02
7.232633896483522395e-01 7.134765333795222659e+02 5.874933911301079661e+02 4.998660795032102442e+02 4.418348152032968414e+02 3.963440430955368470e+02 3.640256762329277080e+02 3.369069739849154530e+02 3.148230710917001147e+02 2.973023355475199878e+02 2.805092580718433624e+02
7.575250258771908385e-01 6.834039529923106784e+02 5.628157223986015651e+02 4.783353345676530353e+02 4.222091966915158991e+02 3.780750937553011113e+02 3.467919863354928793e+02 3.206967339517504456e+02 2.991060856436905624e+02 2.818511886815321077e+02 2.667358565739439200e+02
7.934096665797480963e-01 6.543306156362210686e+02 5.390594402542282069e+02 4.577366837130236377e+02 4.035235960897522887e+02 3.608153832173647402e+02 3.306166273234876485e+02 3.050460689909785970e+02 2.846183086823276085e+02 2.673953337001671002e+02 2.527907341318676799e+02
8.309941949353377710e-01 6.261946878925000419e+02 5.161492726018194617e+02 4.379840147305559412e+02 3.857016048187942374e+02 3.444082301706860676e+02 3.151197055444381476e+02 2.904741276680470605e+02 2.705389300127356478e+02 2.542607446136287592e+02 2.395705596970600482e+02
8.703591361485154554e-01 5.989455850165176116e+02 4.940185325097372697e+02 4.190008069218949913e+02 3.686468273501267845e+02 3.287464709814091179e+02 3.004657728216698160e+02 2.766459829090721314e+02 2.572686394192000421e+02 2.415802259116273092e+02 2.276061721953247172e+02
9.115888299750808388e-01 5.725386550376103969e+02 4.726088230437630955e+02 4.007206618300687069e+02 3.522929794885285446e+02 3.138256506491812274e+02 2.865153853194823910e+02 2.634406883219194242e+02 2.448339426385725517e+02 2.294797250288172563e+02 2.161276576785740531e+02
9.547716114208039118e-01 5.469345029919226135e+02 4.518717741824956988e+02 3.830876261365047526e+02 3.365832862519541777e+02 2.995504085908290790e+02 2.731976537424020535e+02 2.509517677673970013e+02 2.329185203791134597e+02 2.181947749407142396e+02 2.051078625448857906e+02
9.999999999999991118e-01 5.220988754157654057e+02 4.317663248271613838e+02 3.660527174872847240e+02 3.214673049369890805e+02 2.858646341025545325e+02 2.605060430881549109e+02 2.390307356100262268e+02 2.216332106009898268e+02 2.074109050810574786e+02 1.948386972453084240e+02
