# # First row is parameter values (first value is 99.0)
# # Second row is sigma_8 (first value is 99.0)
# # First column is k (Mpc/h), second column is P(k,z =0)
# # parmeter being varied is tau
# # model type = fiducial
9.900000000000000000e+01 1.000000000000000021e-02 3.111111111111111022e-02 5.222222222222222543e-02 7.333333333333333370e-02 9.444444444444444198e-02 1.155555555555555503e-01 1.366666666666666863e-01 1.577777777777777946e-01 1.788888888888889028e-01 2.000000000000000111e-01
9.900000000000000000e+01 8.080858751484836233e-01 8.080788227161425086e-01 8.080673654946097795e-01 8.080524040533202390e-01 8.080343272249548292e-01 8.080134778414295171e-01 8.079899162040039551e-01 8.079637831268177139e-01 8.079353846116416049e-01 8.079046401379167408e-01
1.000000000000000048e-04 4.580215135130312660e+02 4.580213442690964598e+02 4.580213451472087627e+02 4.580213451461771115e+02 4.580213443459060727e+02 4.580213443484168465e+02 4.580214297935028185e+02 4.580214310385954377e+02 4.580215130327363795e+02 4.580216369461744534e+02
1.047370897959449686e-04 4.788197347798320607e+02 4.788195152859718746e+02 4.788195281321405901e+02 4.788195281168391944e+02 4.788195162302215522e+02 4.788195164638875667e+02 4.788196231869735016e+02 4.788196833663371876e+02 4.788197226301481351e+02 4.788198027468761779e+02
1.096985797892383675e-04 5.005612025099451898e+02 5.005609740059137494e+02 5.005609760678676707e+02 5.005609760654010643e+02 5.005609741485924928e+02 5.005609741958503491e+02 5.005610669042404766e+02 5.005612005152261759e+02 5.005612003060903135e+02 5.005612037813449433e+02
1.148951000187309178e-04 5.232884932620027030e+02 5.232883332534472629e+02 5.232882775669091870e+02 5.232882776238792530e+02 5.232883300261704562e+02 5.232883288678287954e+02 5.232883693396324816e+02 5.232885068582243093e+02 5.232885580787140043e+02 5.232885265278414408e+02
1.203377840777589472e-04 5.470461661287819197e+02 5.470460670265716772e+02 5.470459664874251757e+02 5.470459665189604266e+02 5.470460652502183621e+02 5.470460645990765443e+02 5.470460647950744715e+02 5.470461688340617457e+02 5.470463068494806294e+02 5.470462966162730254e+02
1.260382929679727457e-04 5.718807909576298698e+02 5.718806321353098383e+02 5.718805764070697251e+02 5.718805762037445675e+02 5.718806435672549924e+02 5.718806477871686411e+02 5.718806836502221813e+02 5.718807839017571268e+02 5.718809445238616718e+02 5.718810031901687125e+02
1.320088400831417777e-04 5.978409036964741290e+02 5.978406417816994463e+02 5.978406461100171327e+02 5.978406459155413586e+02 5.978406527110258821e+02 5.978406567523462627e+02 5.978407871764351285e+02 5.978408993946635519e+02 5.978410236193331002e+02 5.978411654977763874e+02
1.382622173764655948e-04 6.249771523660724597e+02 6.249769137268561963e+02 6.249768454242148437e+02 6.249768461150077883e+02 6.249768698057591791e+02 6.249768554442171080e+02 6.249770789934598270e+02 6.249771645622437291e+02 6.249772544241998276e+02 6.249774469365547702e+02
1.448118227674533498e-04 6.533425135918274691e+02 6.533423785358415898e+02 6.533421399654963579e+02 6.533421409470149683e+02 6.533422398050951188e+02 6.533422193972586456e+02 6.533425045868439156e+02 6.533425298934158718e+02 6.533426264446117102e+02 6.533428209988356912e+02
1.516716888470922740e-04 6.829923733758473645e+02 6.829922095602850050e+02 6.829918812999524107e+02 6.829918790967984705e+02 6.829919945518614668e+02 6.829920431178985609e+02 6.829923517675954372e+02 6.829923348717477438e+02 6.829925000495398990e+02 6.829926576363342292e+02
1.588565129428052810e-04 7.139844571867979539e+02 7.139841056462059896e+02 7.139838320861332477e+02 7.139838276085289408e+02 7.139838756547264893e+02 7.139840390247961750e+02 7.139843316569214267e+02 7.139843146618862875e+02 7.139845889020241430e+02 7.139847108379675547e+02
1.663816886076128847e-04 7.463789186469192600e+02 7.463784106053850564e+02 7.463782638925375750e+02 7.463782703028156220e+02 7.463782489446222144e+02 7.463784391711479884e+02 7.463786811441935924e+02 7.463786971745529399e+02 7.463790517293699622e+02 7.463792128659623586e+02
1.742633386009649968e-04 7.802386253797697009e+02 7.802380916469537624e+02 7.802380612807062334e+02 7.802380804175006688e+02 7.802380466749258403e+02 7.802381349129714181e+02 7.802383121419634335e+02 7.802383896822389033e+02 7.802387624591141275e+02 7.802390447701322955e+02
1.825183494319043405e-04 8.156293183864711409e+02 8.156288159049287287e+02 8.156288079867870238e+02 8.156287918665789221e+02 8.156288112124727832e+02 8.156287920937176068e+02 8.156289348876269969e+02 8.156291075640057215e+02 8.156294686375767924e+02 8.156298484007783145e+02
1.911644075385702070e-04 8.526195748330500237e+02 8.526190776267258116e+02 8.526189646559488438e+02 8.526188562640842292e+02 8.526189698185141879e+02 8.526189317373242602e+02 8.526191021173195850e+02 8.526193824278343527e+02 8.526197423305541179e+02 8.526201209136969510e+02
2.002200371815584276e-04 8.912808282187291979e+02 8.912802527752899096e+02 8.912799989497717661e+02 8.912798386300187303e+02 8.912799984213017979e+02 8.912800049459057163e+02 8.912802562741845804e+02 8.912805747794033095e+02 8.912809848616489035e+02 8.912812968024269367e+02
2.097046401323232167e-04 9.316875902006210026e+02 9.316868289970735759e+02 9.316864798144810038e+02 9.316863816610732556e+02 9.316864773952635232e+02 9.316865567631546128e+02 9.316869170013878829e+02 9.316871590566364603e+02 9.316876838909886374e+02 9.316879137947489653e+02
2.196385372416545924e-04 9.739175445225450858e+02 9.739165800378438007e+02 9.739161426394323371e+02 9.739161404003921234e+02 9.739161425198392408e+02 9.739163155670330525e+02 9.739167551513103263e+02 9.739169314533971828e+02 9.739175474426336905e+02 9.739177244488423639e+02
2.300430119772917776e-04 1.018051712910689957e+03 1.018050626426209647e+03 1.018050061723950535e+03 1.018050089721181735e+03 1.018050065244987991e+03 1.018050337632030505e+03 1.018050775391729985e+03 1.018051034963464645e+03 1.018051627452175808e+03 1.018051828319634183e+03
2.409403560239524868e-04 1.064174539274989229e+03 1.064173386542107210e+03 1.064172716315342086e+03 1.064172721736387302e+03 1.064172717863902108e+03 1.064173018553194879e+03 1.064173412718086865e+03 1.064173862093775824e+03 1.064174362545274789e+03 1.064174709580810713e+03
2.523539170434766117e-04 1.112374069520807097e+03 1.112372841155625110e+03 1.112372163684562793e+03 1.112372143776689882e+03 1.112372152690918256e+03 1.112372332252646856e+03 1.112372708986640646e+03 1.112373349054638993e+03 1.112373784734899118e+03 1.112374423748196250e+03
2.643081486974104954e-04 1.162742061414261798e+03 1.162740719858373268e+03 1.162740018539445828e+03 1.162740005320432147e+03 1.162740008889184082e+03 1.162740031096229586e+03 1.162740438355586093e+03 1.162741182941039142e+03 1.162741665548342553e+03 1.162742582742741433e+03
2.768286630392065599e-04 1.215374140352101904e+03 1.215372635593900213e+03 1.215371697531064910e+03 1.215371742641150149e+03 1.215371734733994344e+03 1.215371763949819524e+03 1.215372246593877890e+03 1.215372939960137501e+03 1.215373649272306011e+03 1.215374594455770875e+03
2.899422853882876647e-04 1.270369728363456716e+03 1.270367988878730557e+03 1.270366696193958433e+03 1.270366754544196283e+03 1.270366745841189186e+03 1.270366920959661684e+03 1.270367485635328421e+03 1.270368074375880269e+03 1.270369061842519386e+03 1.270369888372119931e+03
3.036771118035457777e-04 1.327832251771843858e+03 1.327830179641303403e+03 1.327828718936619907e+03 1.327828569419233872e+03 1.327828588812594717e+03 1.327828858903056016e+03 1.327829450624581568e+03 1.327830104712452112e+03 1.327831154467144415e+03 1.327832064443173294e+03
3.180625692794118915e-04 1.387869325768956969e+03 1.387866851772645532e+03 1.387865429740468244e+03 1.387864925182284196e+03 1.387864961564761416e+03 1.387865226786628909e+03 1.387865823934213267e+03 1.387866676044868655e+03 1.387867600538507759e+03 1.387868834856347121e+03
3.331294787934673180e-04 1.450592908463963113e+03 1.450590050018421834e+03 1.450588584661734103e+03 1.450587917927384751e+03 1.450587860141050214e+03 1.450588125576689890e+03 1.450588839746889789e+03 1.450589706638504140e+03 1.450590663948782321e+03 1.450592165247673393e+03
3.489101213406771624e-04 1.516119485886677921e+03 1.516116264388577747e+03 1.516114536911654341e+03 1.516113962641963781e+03 1.516113728478676876e+03 1.516114026608384620e+03 1.516114951766811146e+03 1.516115602438194401e+03 1.516116842349271337e+03 1.516118409761642624e+03
3.654383070957255785e-04 1.584570206888563689e+03 1.584566515453524062e+03 1.584564433747749263e+03 1.584563816264419756e+03 1.584563553815261230e+03 1.584563813370265052e+03 1.584564787306040671e+03 1.584565378816249677e+03 1.584566823643325506e+03 1.584568382916894279e+03
3.827494478516312048e-04 1.656070835151633446e+03 1.656066493379354597e+03 1.656064051261761961e+03 1.656063043189277550e+03 1.656062967894271196e+03 1.656063079772944320e+03 1.656063845817502852e+03 1.656064715734682977e+03 1.656066123185059041e+03 1.656067692290983359e+03
4.008806328898464845e-04 1.730751602971965440e+03 1.730746512195820060e+03 1.730743641790415722e+03 1.730742190815258709e+03 1.730742176539897855e+03 1.730742168471819696e+03 1.730742791599748443e+03 1.730743893740563635e+03 1.730745315712590354e+03 1.730746869690505264e+03
4.198707084443908553e-04 1.808747753328536191e+03 1.808741891053348127e+03 1.808738486042216664e+03 1.808736793696078848e+03 1.808736447967902905e+03 1.808736445293999168e+03 1.808737211354638248e+03 1.808738206416533558e+03 1.808739898476201233e+03 1.808741398162042287e+03
4.397603609302718668e-04 1.890199672935156968e+03 1.890192990969184621e+03 1.890189050156341636e+03 1.890187165577022597e+03 1.890186312014929399e+03 1.890186312520987030e+03 1.890187170903781634e+03 1.890188028455793528e+03 1.890189915157277028e+03 1.890191457533449693e+03
4.605922041145105693e-04 1.975253010463416331e+03 1.975245426697633775e+03 1.975241030172941464e+03 1.975238778635619383e+03 1.975237508947670449e+03 1.975237352797410722e+03 1.975237898848474970e+03 1.975238928445521651e+03 1.975240601108236433e+03 1.975242394457407045e+03
4.824108704165368721e-04 2.064058390392577166e+03 2.064049855263044265e+03 2.064044877937541060e+03 2.064041982966654814e+03 2.064040344646959056e+03 2.064039844773467394e+03 2.064039904947279865e+03 2.064041202228652310e+03 2.064042548752148832e+03 2.064044603120075408e+03
5.052631065335679277e-04 2.156771829843944033e+03 2.156762326624728757e+03 2.156756375711182045e+03 2.156752524598439777e+03 2.156750429860679105e+03 2.156749414442503166e+03 2.156749189998842667e+03 2.156750486664292112e+03 2.156751827128014156e+03 2.156753889225303283e+03
5.291978735958440157e-04 2.253554547019966321e+03 2.253543930150940469e+03 2.253536665983381226e+03 2.253531755629644977e+03 2.253529056626272450e+03 2.253527392967055221e+03 2.253527028604200041e+03 2.253527999952154460e+03 2.253529463052107531e+03 2.253531368550462048e+03
5.542664520663104742e-04 2.354573308132479724e+03 2.354561238525045155e+03 2.354552519656907407e+03 2.354546739780849293e+03 2.354543265449063711e+03 2.354540868675804177e+03 2.354540247373995044e+03 2.354540661099999852e+03 2.354541914777496913e+03 2.354543733779444665e+03
5.805225516094897299e-04 2.460000304875498841e+03 2.459986488314465078e+03 2.459976230502346880e+03 2.459969512357523399e+03 2.459965129758011244e+03 2.459961890883264005e+03 2.459960686624001028e+03 2.459960469614357862e+03 2.459961180695705025e+03 2.459962899812022897e+03
6.080224261649421489e-04 2.570013375873010318e+03 2.569997722115538181e+03 2.569985799202884209e+03 2.569977449238254849e+03 2.569972095126387558e+03 2.569967832238467054e+03 2.569965553372021077e+03 2.569964828488250532e+03 2.569964968283012695e+03 2.569966276133673091e+03
6.368249944718586218e-04 2.684795721650268206e+03 2.684778131820036378e+03 2.684764315150991479e+03 2.684753646662134997e+03 2.684747078526012956e+03 2.684741585457542897e+03 2.684737874612623273e+03 2.684736617411277621e+03 2.684736130670883540e+03 2.684736660928689616e+03
6.669919663030119154e-04 2.804535992317868931e+03 2.804516144207284015e+03 2.804500044185780098e+03 2.804487012835902533e+03 2.804478562196763960e+03 2.804471656555351728e+03 2.804466584103150126e+03 2.804464279796419305e+03 2.804462750047604004e+03 2.804462327219456711e+03
6.985879746785244931e-04 2.929428344199890944e+03 2.929405835171895887e+03 2.929387006666612706e+03 2.929371728885349057e+03 2.929360622675650575e+03 2.929352073354045842e+03 2.929345668186962484e+03 2.929341626754888694e+03 2.929338516811958016e+03 2.929337000613427790e+03
7.316807143427194859e-04 3.059672316151122686e+03 3.059646885892896535e+03 3.059624986709502082e+03 3.059606997424784367e+03 3.059592842464706337e+03 3.059582262514033573e+03 3.059573816494019411e+03 3.059567657062258604e+03 3.059562681125384188e+03 3.059559724721144903e+03
7.663410868007456550e-04 3.195472793192166137e+03 3.195444284883786167e+03 3.195418998024978009e+03 3.195397492271278679e+03 3.195380065826219379e+03 3.195366863088570881e+03 3.195355315323298328e+03 3.195346797047720884e+03 3.195339772190270651e+03 3.195334863476236478e+03
8.026433522257172539e-04 3.337039475831798882e+03 3.337007708354661190e+03 3.336978550669473861e+03 3.336953036776395948e+03 3.336931752585791401e+03 3.336915065597026569e+03 3.336899951066157428e+03 3.336888528710898754e+03 3.336878994884582426e+03 3.336871596135525579e+03
8.406652885618322952e-04 3.484587235143500948e+03 3.484552020970792455e+03 3.484518361774379173e+03 3.484488504911960717e+03 3.484462486413369334e+03 3.484441300919492733e+03 3.484422551000024669e+03 3.484407390154604855e+03 3.484394624909602499e+03 3.484384132871387919e+03
8.804883581643459635e-04 3.638335279870142585e+03 3.638296522047793587e+03 3.638257736008694337e+03 3.638222611806692385e+03 3.638191162340206120e+03 3.638164720263863273e+03 3.638141622594978799e+03 3.638121861108454596e+03 3.638105112634323177e+03 3.638090698691493344e+03
9.221978823334323712e-04 3.798507505879232667e+03 3.798465171544626628e+03 3.798420655186142085e+03 3.798378828438417258e+03 3.798341423782898346e+03 3.798309175081118610e+03 3.798280331734581068e+03 3.798255093365865832e+03 3.798233562341698416e+03 3.798214194622329160e+03
9.658832241158701306e-04 3.965330936664281126e+03 3.965284831123023196e+03 3.965233935995103820e+03 3.965184605282984649e+03 3.965140401710637889e+03 3.965101354355932926e+03 3.965065581502411987e+03 3.965033820416941580e+03 3.965006397558950084e+03 3.964981135264177738e+03
1.011637979766206877e-03 4.139036447451007916e+03 4.138986194755065299e+03 4.138928225363654747e+03 4.138871419775465256e+03 4.138819156762226157e+03 4.138771772423788207e+03 4.138728279569353617e+03 4.138688745533345354e+03 4.138653976462908759e+03 4.138621986022782039e+03
1.059560179277615295e-03 4.319856908769484107e+03 4.319802340230552545e+03 4.319736669456749951e+03 4.319671968815226137e+03 4.319610428541742294e+03 4.319553397440675326e+03 4.319501099760740544e+03 4.319452473277753597e+03 4.319408973681357566e+03 4.319369003248721128e+03
1.109752496412071696e-03 4.508027848712630657e+03 4.507969150651088967e+03 4.507895292032550969e+03 4.507821321230941066e+03 4.507749518449158131e+03 4.507682038173806177e+03 4.507619282248156196e+03 4.507560236340911615e+03 4.507506827907973275e+03 4.507457013750936312e+03
1.162322468679852228e-03 4.703785680042035892e+03 4.703722983322822074e+03 4.703640713026092271e+03 4.703556078827830788e+03 4.703473045133313462e+03 4.703393953964541652e+03 4.703318997482463601e+03 4.703248215282739693e+03 4.703183341066917819e+03 4.703121875906736022e+03
1.217382727739660777e-03 4.907367889918590663e+03 4.907301023331450779e+03 4.907210451265123083e+03 4.907114344606784471e+03 4.907018984115290550e+03 4.906926239313067526e+03 4.906837557078951249e+03 4.906753718499957358e+03 4.906675091069974769e+03 4.906600625320462314e+03
1.275051240713012809e-03 5.119011180856374267e+03 5.118940098282392682e+03 5.118841265011581527e+03 5.118733218551735263e+03 5.118624194598122813e+03 5.118515903779874861e+03 5.118412043094396722e+03 5.118313345058123559e+03 5.118218730599931405e+03 5.118129625539781955e+03
1.335451562929898311e-03 5.338950994797080057e+03 5.338876173540147647e+03 5.338768681211956391e+03 5.338648338148127550e+03 5.338523986764446818e+03 5.338399369492241931e+03 5.338278811167985623e+03 5.338162534301775850e+03 5.338050478871747146e+03 5.337944110686838030e+03
1.398713102647237494e-03 5.567420288008711395e+03 5.567342332324777090e+03 5.567225865272771443e+03 5.567092933475113568e+03 5.566951953501095886e+03 5.566810405412016735e+03 5.566671517431579559e+03 5.566534943146213664e+03 5.566403932302430803e+03 5.566277373171032195e+03
1.464971398307285183e-03 5.804648074783234733e+03 5.804567154947212657e+03 5.804442199203186647e+03 5.804296396076905694e+03 5.804138771536519016e+03 5.803978549442446820e+03 5.803819533005472294e+03 5.803661202982764735e+03 5.803508491889414472e+03 5.803359472039260254e+03
1.534368408930011527e-03 6.050859106583911853e+03 6.050775059807910111e+03 6.050642586819074495e+03 6.050483760834094937e+03 6.050310073516738157e+03 6.050129161888507952e+03 6.049948219451523073e+03 6.049767306025282778e+03 6.049589592004198494e+03 6.049416149395649882e+03
1.607052818261638658e-03 6.306271533822517085e+03 6.306184166819981328e+03 6.306044877483728669e+03 6.305873238754022168e+03 6.305683142940627476e+03 6.305481129855936160e+03 6.305276792587353157e+03 6.305071635773244452e+03 6.304866563623963884e+03 6.304666197471840860e+03
1.683180353330956123e-03 6.571096095542890907e+03 6.571005163182057913e+03 6.570859513414672620e+03 6.570675662462927903e+03 6.570468253503294363e+03 6.570245984097345172e+03 6.570017153298695121e+03 6.569785451813247164e+03 6.569551563399505540e+03 6.569321436191910834e+03
1.762914118095946624e-03 6.845531555027172544e+03 6.845436625269757315e+03 6.845285179974343009e+03 6.845090043912468900e+03 6.844865471952819462e+03 6.844623241426373170e+03 6.844369116906214003e+03 6.844109016061459442e+03 6.843844953025010000e+03 6.843582755866315892e+03
1.846424942895543049e-03 7.129766350606601918e+03 7.129666776122009651e+03 7.129510162543161641e+03 7.129304870859349649e+03 7.129064445093183167e+03 7.128801902303156567e+03 7.128522089570996286e+03 7.128232510388536866e+03 7.127936977121848031e+03 7.127640956103134158e+03
1.933891750455229942e-03 7.423974691858883489e+03 7.423869652749446686e+03 7.423708121923738872e+03 7.423493472884072617e+03 7.423238603731543662e+03 7.422955808929355953e+03 7.422650662354733868e+03 7.422331654008654368e+03 7.422003747739471692e+03 7.421671988756562314e+03
2.025501939230665762e-03 7.728316729058501551e+03 7.728205305725094149e+03 7.728038583385270613e+03 7.727814962719567120e+03 7.727546910374968320e+03 7.727244653159095833e+03 7.726915349151764531e+03 7.726568037835367249e+03 7.726207369702355209e+03 7.725837867327770255e+03
2.121451784910629440e-03 8.042932531281172487e+03 8.042814133875806874e+03 8.042641464084063955e+03 8.042409430149110449e+03 8.042129488195450904e+03 8.041809288566301802e+03 8.041457327277473269e+03 8.041082452503795139e+03 8.040689111403208699e+03 8.040281324629628216e+03
2.221946860939522182e-03 8.367943119523075438e+03 8.367817637888840181e+03 8.367637775434906871e+03 8.367398215807301312e+03 8.367107717985345516e+03 8.366771804087427881e+03 8.366398831775195504e+03 8.365996320844576985e+03 8.365570927758248217e+03 8.365126364629113596e+03
2.327202478960407363e-03 8.703446684804248434e+03 8.703313990563390689e+03 8.703125317724869092e+03 8.702878636999868831e+03 8.702578416551943519e+03 8.702229060174282495e+03 8.701836949866312352e+03 8.701407800603481519e+03 8.700951803070754977e+03 8.700472489074465557e+03
2.437444150122219325e-03 9.049517626641290917e+03 9.049377309273939318e+03 9.049177909549753167e+03 9.048923481969592103e+03 9.048613534909480222e+03 9.048252610642241052e+03 9.047843494608812762e+03 9.047390866650968746e+03 9.046906723716292618e+03 9.046394346336559465e+03
2.552908068239516035e-03 9.406198961116149803e+03 9.406050888301157102e+03 9.405838836292485212e+03 9.405574667983206382e+03 9.405254540699252175e+03 9.404883095124492684e+03 9.404459080634529528e+03 9.403986744893107243e+03 9.403477424764429088e+03 9.402934089448248415e+03
2.673841615839946031e-03 9.773501138794683357e+03 9.773345931667779951e+03 9.773119556856172494e+03 9.772842020757982027e+03 9.772511115276689452e+03 9.772128972969996539e+03 9.771691866503952042e+03 9.771202831899954617e+03 9.770671368691788302e+03 9.770100247625441625e+03
2.800503894183629678e-03 1.015140762869681384e+04 1.015124594831645118e+04 1.015100398326613140e+04 1.015070938418635888e+04 1.015036622852193614e+04 1.014997215503883490e+04 1.014952295793705525e+04 1.014901931522108862e+04 1.014846869388873165e+04 1.014787330938383093e+04
2.933166278390042427e-03 1.053987298384983842e+04 1.053970462160563875e+04 1.053944637536069968e+04 1.053913292106764857e+04 1.053877426979074517e+04 1.053836621360268873e+04 1.053790451746788858e+04 1.053738730840682183e+04 1.053682032424442696e+04 1.053620362015879255e+04
3.072112998861756435e-03 1.093878797516413579e+04 1.093861235095999291e+04 1.093833807593672100e+04 1.093800492222516186e+04 1.093762643087973083e+04 1.093720126791289113e+04 1.093672535829377193e+04 1.093619438215558148e+04 1.093561279548204948e+04 1.093497728955133971e+04
3.217641750250735053e-03 1.134795536080912461e+04 1.134777254382247338e+04 1.134748399402174255e+04 1.134712923639331893e+04 1.134672685603653190e+04 1.134627999556623945e+04 1.134578721479873275e+04 1.134524081255812416e+04 1.134464394283833280e+04 1.134399214396736897e+04
3.370064329271926437e-03 1.176719824545654228e+04 1.176700852610052425e+04 1.176670838054942396e+04 1.176632993005981734e+04 1.176590031238533265e+04 1.176542626950916565e+04 1.176491256870102370e+04 1.176434746368453489e+04 1.176373248310551935e+04 1.176306574173405534e+04
3.529707302730648259e-03 1.219646817432438365e+04 1.219627066070408546e+04 1.219596072907218149e+04 1.219555910283093726e+04 1.219510016711533353e+04 1.219459427515748212e+04 1.219405317744750391e+04 1.219346438875289277e+04 1.219282781745348802e+04 1.219214345161214078e+04
3.696912707195024878e-03 1.263549664393289277e+04 1.263528954179373250e+04 1.263497032321419829e+04 1.263454872673633690e+04 1.263405995471076494e+04 1.263351889288000712e+04 1.263294217561183905e+04 1.263232315805141661e+04 1.263166059694420073e+04 1.263095200414739520e+04
3.872038781812552587e-03 1.308319499290835665e+04 1.308297774082619071e+04 1.308264815549862396e+04 1.308221044296616128e+04 1.308169319924089905e+04 1.308111559369359929e+04 1.308049693533358004e+04 1.307984055921365325e+04 1.307914503530712864e+04 1.307840488994322368e+04
4.055460735840826954e-03 1.353872378131462756e+04 1.353849734776533296e+04 1.353815480329683123e+04 1.353770459394658246e+04 1.353716211175180797e+04 1.353654874581667536e+04 1.353588492491473880e+04 1.353518404517261297e+04 1.353444601617796980e+04 1.353366696489298374e+04
4.247571552536896777e-03 1.400413222432818475e+04 1.400389734912295535e+04 1.400353914748550778e+04 1.400307757310118359e+04 1.400251364550740436e+04 1.400186686279260903e+04 1.400115836606232369e+04 1.400040763302881351e+04 1.399961811260532886e+04 1.399879245537105999e+04
4.448782831127581772e-03 1.448132979577471633e+04 1.448108640173621643e+04 1.448071043195851053e+04 1.448023528355404233e+04 1.447965361261781072e+04 1.447897723642823075e+04 1.447822850903367726e+04 1.447742538348078233e+04 1.447657758539845236e+04 1.447569737000804707e+04
4.659525668664678613e-03 1.496110687907787906e+04 1.496085474452696872e+04 1.496046090453171018e+04 1.495996802258791104e+04 1.495937069183269705e+04 1.495867041577238524e+04 1.495788798002744079e+04 1.495703446413325037e+04 1.495612734254823044e+04 1.495518616364843911e+04
4.880251583654427253e-03 1.542917921172035676e+04 1.542891831580777034e+04 1.542850918592447124e+04 1.542799339540305118e+04 1.542737987167809479e+04 1.542666310630473708e+04 1.542585440771216236e+04 1.542495809876411658e+04 1.542399832292162864e+04 1.542299273691814597e+04
5.111433483440164932e-03 1.589118005722968519e+04 1.589091033675121798e+04 1.589048811459338503e+04 1.588994654388623348e+04 1.588931306555356241e+04 1.588858312203179412e+04 1.588775360807186917e+04 1.588682506010138968e+04 1.588582205568897007e+04 1.588475448133288228e+04
5.353566677410721841e-03 1.636807442852618078e+04 1.636779559835750297e+04 1.636735970415663542e+04 1.636679430550523830e+04 1.636613354269374395e+04 1.636538512684114903e+04 1.636453590631876432e+04 1.636358627120018355e+04 1.636254819784053507e+04 1.636142895538028279e+04
5.607169938205453820e-03 1.686454446235231444e+04 1.686425652278453344e+04 1.686380535411018354e+04 1.686321995967333351e+04 1.686252560600988727e+04 1.686174909356670105e+04 1.686087765710419990e+04 1.685991336711512122e+04 1.685884737059361214e+04 1.685769003607289051e+04
5.872786613189478859e-03 1.736637579082416778e+04 1.736607959487038534e+04 1.736561259654316382e+04 1.736500952434908686e+04 1.736428154851710860e+04 1.736346804815050564e+04 1.736256916283477767e+04 1.736158601456570977e+04 1.736049859592160647e+04 1.735931470003478898e+04
6.150985788580495481e-03 1.786457670556021912e+04 1.786427296741401005e+04 1.786379028189933160e+04 1.786317019513418563e+04 1.786241360169550171e+04 1.786155810626211678e+04 1.786062418221882763e+04 1.785961075687871562e+04 1.785850383805565798e+04 1.785729986932846805e+04
6.442363508721367545e-03 1.836064830545946097e+04 1.836033594857507705e+04 1.835983764053830964e+04 1.835919966643320731e+04 1.835842169056845887e+04 1.835752756788505212e+04 1.835654937198812331e+04 1.835549359293685848e+04 1.835435838652655002e+04 1.835313160857253388e+04
6.747544053110689742e-03 1.885560839532935279e+04 1.885528554356588211e+04 1.885477185422926414e+04 1.885411390246151495e+04 1.885332083285263798e+04 1.885239732783723957e+04 1.885136876464505622e+04 1.885026066986810474e+04 1.884908129929436836e+04 1.884782081808577277e+04
7.067181273927488835e-03 1.934712836649034580e+04 1.934679509039279947e+04 1.934626717050129446e+04 1.934558681082748808e+04 1.934477721301728889e+04 1.934383202115197491e+04 1.934276084148326481e+04 1.934159752258041408e+04 1.934036153120950985e+04 1.933905258893083737e+04
7.401959996915636469e-03 1.983261131163773825e+04 1.983226912533502036e+04 1.983172862120490390e+04 1.983102423412467760e+04 1.983019028474575680e+04 1.982922724435387136e+04 1.982813144139511860e+04 1.982691840017041977e+04 1.982562026045697348e+04 1.982424820002226625e+04
7.752597488629456302e-03 2.031041086819364500e+04 2.031005944535392700e+04 2.030950664905047233e+04 2.030878082434446696e+04 2.030791729834118451e+04 2.030693265137888739e+04 2.030582113173760808e+04 2.030457299830266857e+04 2.030321992982196389e+04 2.030178176291345881e+04
8.119844993184008319e-03 2.077893124681347399e+04 2.077856851393615216e+04 2.077800226054563245e+04 2.077726103192854862e+04 2.077636747889329126e+04 2.077535126476438018e+04 2.077422032905983724e+04 2.077295704346201092e+04 2.077156786717133218e+04 2.077007409053464289e+04
8.504489341802669994e-03 2.123598960436639027e+04 2.123561618563404045e+04 2.123503570315569959e+04 2.123428007392026120e+04 2.123336112300228342e+04 2.123231005699023081e+04 2.123114941137337883e+04 2.122987452755314735e+04 2.122846444136582431e+04 2.122693230179209786e+04
8.907354638610434638e-03 2.167915772383371586e+04 2.167877777169578985e+04 2.167818317890027174e+04 2.167740752532553597e+04 2.167647185344684476e+04 2.167539258367697767e+04 2.167418910480491832e+04 2.167288492063455487e+04 2.167145969756588966e+04 2.166990889409568626e+04
9.329304026284681098e-03 2.210591450807977526e+04 2.210553011561988387e+04 2.210492146267569115e+04 2.210412413951514463e+04 2.210317433389865619e+04 2.210207382016483825e+04 2.210082706835475983e+04 2.209947727272062184e+04 2.209802894506153098e+04 2.209646412676768159e+04
9.771241535346487581e-03 2.251365759876259108e+04 2.251326638229562377e+04 2.251264331928337197e+04 2.251183104003716653e+04 2.251085958253949138e+04 2.250974043261808038e+04 2.250846865651388362e+04 2.250706951286773256e+04 2.250557604904645268e+04 2.250397964413970840e+04
1.023411402105452346e-02 2.289962999172259151e+04 2.289922950612258865e+04 2.289859290233115462e+04 2.289776997283556557e+04 2.289677251936175526e+04 2.289563327834474694e+04 2.289435026320084944e+04 2.289291151754148450e+04 2.289136289350493826e+04 2.288971701747379848e+04
1.071891319205127251e-02 2.326096474585559190e+04 2.326055555758215269e+04 2.325990848449085388e+04 2.325906967971715494e+04 2.325805391590107683e+04 2.325688958114323395e+04 2.325558899963552904e+04 2.325413356112929250e+04 2.325254903230654600e+04 2.325085091504020966e+04
1.122667773510812282e-02 2.359469525441456062e+04 2.359427992169653226e+04 2.359362411046944544e+04 2.359276523505687874e+04 2.359173934089714385e+04 2.359054843983262253e+04 2.358921958943459686e+04 2.358776147749629672e+04 2.358616346493094534e+04 2.358442406852564454e+04
1.175849554052155882e-02 2.389777942468115361e+04 2.389736134982557996e+04 2.389669374534754024e+04 2.389582214186015699e+04 2.389478323674845888e+04 2.389357466900207146e+04 2.389221846906349674e+04 2.389074137470482310e+04 2.388912919585328564e+04 2.388737099149506321e+04
1.231550603292825077e-02 2.416706665713122857e+04 2.416664805355710632e+04 2.416596565167245717e+04 2.416509123706721221e+04 2.416403345456516035e+04 2.416281713773072261e+04 2.416144056545688363e+04 2.415992382006907064e+04 2.415828633829469254e+04 2.415652567108665608e+04
1.289890261253307316e-02 2.439928016925679913e+04 2.439885929171037060e+04 2.439816618924440263e+04 2.439728806686336611e+04 2.439621476509176500e+04 2.439498796563937503e+04 2.439359505000556601e+04 2.439205178488733509e+04 2.439038722963240798e+04 2.438860972833008054e+04
1.350993521198025869e-02 2.459114368988985734e+04 2.459071687690416366e+04 2.459002087163281612e+04 2.458913214262401016e+04 2.458805180551641388e+04 2.458680606477494803e+04 2.458539926453138833e+04 2.458385759205629074e+04 2.458217184944795736e+04 2.458035289118829678e+04
1.414991297434575052e-02 2.473936402731928683e+04 2.473893034964507024e+04 2.473823482559185504e+04 2.473733464021897089e+04 2.473625050713552264e+04 2.473498801207294673e+04 2.473357244166691089e+04 2.473203088281731470e+04 2.473033071326219942e+04 2.472848110807192279e+04
1.482020705798856725e-02 2.484074242531345226e+04 2.484030393479079430e+04 2.483960820802510716e+04 2.483870122395853105e+04 2.483761198302492267e+04 2.483634333281992076e+04 2.483492487632544726e+04 2.483336126025284830e+04 2.483165318787145952e+04 2.482980748232275801e+04
1.552225357427046079e-02 2.489212992347348336e+04 2.489169057765238540e+04 2.489099403467934098e+04 2.489008426401454562e+04 2.488899002801547977e+04 2.488772143396922183e+04 2.488629969808441092e+04 2.488471425855740745e+04 2.488300374523522260e+04 2.488116837494743231e+04
1.625755666443793115e-02 2.489058912715552651e+04 2.489015349257852722e+04 2.488945633969935807e+04 2.488854623117666415e+04 2.488744928627035915e+04 2.488618151006093467e+04 2.488475130795389850e+04 2.488316718946152105e+04 2.488145800934439467e+04 2.487961175205585823e+04
1.702769172225897937e-02 2.483338468857225234e+04 2.483295317924503979e+04 2.483225634729045123e+04 2.483134784346580636e+04 2.483025103118488551e+04 2.482898535635565349e+04 2.482754903298537829e+04 2.482597896685149681e+04 2.482427129639835402e+04 2.482241013279312756e+04
1.783430876931907730e-02 2.471813004883308167e+04 2.471769866568578072e+04 2.471700380384461823e+04 2.471609871934385592e+04 2.471500497314747554e+04 2.471374450006595362e+04 2.471231362820406503e+04 2.471075331482422916e+04 2.470904448698133274e+04 2.470718939388750005e+04
1.867913599020781107e-02 2.454286100526555674e+04 2.454242817136037047e+04 2.454173781081980269e+04 2.454083844292455979e+04 2.453975076377768346e+04 2.453849810778377287e+04 2.453708250272352598e+04 2.453552778238243627e+04 2.453382057639592676e+04 2.453198753955081702e+04
1.956398343517061489e-02 2.430611965658120607e+04 2.430568851211849324e+04 2.430500592572988535e+04 2.430411515627483459e+04 2.430303667175628289e+04 2.430179326260799644e+04 2.430039679146902199e+04 2.429885027286646437e+04 2.429715542143731727e+04 2.429534452386744306e+04
2.049074689815845104e-02 2.400714295742156537e+04 2.400671673928233213e+04 2.400604408127815987e+04 2.400516404457248427e+04 2.400409887643661568e+04 2.400286736293399736e+04 2.400149088817167285e+04 2.399995819389753524e+04 2.399828661739891322e+04 2.399649489689967595e+04
2.146141197858402599e-02 2.364586207080970053e+04 2.364544156172812654e+04 2.364477894860164815e+04 2.364391040865597461e+04 2.364286390999532887e+04 2.364164940135125289e+04 2.364029270929921768e+04 2.363878010896385604e+04 2.363713840106558564e+04 2.363536737331253607e+04
2.247805833548724430e-02 2.322316768224520274e+04 2.322275386252588942e+04 2.322210178290638214e+04 2.322124653389927335e+04 2.322022138272786833e+04 2.321902947560474058e+04 2.321769354986606413e+04 2.321620666516691199e+04 2.321459796547937731e+04 2.321285255247343594e+04
2.354286414322414797e-02 2.274087015209199672e+04 2.274046630186177572e+04 2.273982751862326404e+04 2.273899022902234719e+04 2.273798351076198378e+04 2.273681862289092169e+04 2.273550737885347189e+04 2.273405020341341515e+04 2.273247514293470158e+04 2.273076253414905295e+04
2.465811075822601020e-02 2.220193797972234461e+04 2.220154693579615559e+04 2.220092437284863263e+04 2.220010965059946830e+04 2.219911962333581323e+04 2.219798445469778017e+04 2.219670261663384736e+04 2.219527902561413430e+04 2.219373876371288861e+04 2.219206601931088881e+04
2.582618760682674555e-02 2.161054759745468618e+04 2.161016858470194711e+04 2.160956286247473690e+04 2.160877186625026297e+04 2.160780568351818147e+04 2.160670071530350106e+04 2.160545133519768569e+04 2.160406682310630276e+04 2.160256642710990491e+04 2.160093781724155997e+04
2.704959730463131831e-02 2.097199281362010151e+04 2.097162374304465993e+04 2.097103450927514859e+04 2.097026656422543238e+04 2.096933380280113852e+04 2.096825910109158212e+04 2.096704468598479798e+04 2.096570409007937997e+04 2.096424944324293392e+04 2.096266799089893539e+04
2.833096101839321923e-02 2.029301685878931676e+04 2.029265828109759605e+04 2.029208656497396441e+04 2.029134204383378164e+04 2.029044368723499065e+04 2.028940183135828920e+04 2.028822640704809601e+04 2.028693010601689821e+04 2.028552267373897121e+04 2.028399289114952262e+04
2.967302408188867563e-02 1.958120867277677462e+04 1.958086291398922185e+04 1.958031084332222235e+04 1.957959111288891290e+04 1.957872301298163075e+04 1.957771792776498478e+04 1.957658579187636133e+04 1.957533199976753531e+04 1.957397097071353346e+04 1.957249733279414431e+04
3.107866187782009487e-02 1.884583186134674906e+04 1.884550031787860280e+04 1.884497006784410041e+04 1.884427680960014186e+04 1.884343969687948265e+04 1.884247348225361202e+04 1.884138595512609754e+04 1.884017666567671404e+04 1.883886489842600349e+04 1.883744775362372457e+04
3.255088599835054969e-02 1.809633086956174157e+04 1.809601384165977288e+04 1.809550665790421044e+04 1.809484141229426314e+04 1.809403984970549936e+04 1.809311244671323584e+04 1.809206834389938012e+04 1.809090832604132083e+04 1.808965056089610516e+04 1.808828736853672672e+04
3.409285069746810504e-02 1.734327722845489916e+04 1.734297457570231563e+04 1.734248781862191390e+04 1.734185083771203790e+04 1.734108532132830442e+04 1.734019456711780003e+04 1.733919293722463408e+04 1.733808396117458324e+04 1.733687811631847217e+04 1.733556912180018480e+04
3.570785964900458770e-02 1.659694830591947903e+04 1.659665957192725909e+04 1.659618877210768187e+04 1.659557912719888554e+04 1.659484581781253655e+04 1.659398925818019416e+04 1.659302984225896944e+04 1.659197020544573752e+04 1.659080932148592183e+04 1.658955762163264080e+04
3.739937302478793524e-02 1.586900848195699655e+04 1.586873256244023105e+04 1.586828472328593671e+04 1.586770170649399188e+04 1.586699856850678589e+04 1.586618263906635366e+04 1.586526524026795596e+04 1.586425276362981094e+04 1.586314330178135970e+04 1.586194978140359672e+04
3.917101490809256348e-02 1.517007507514965437e+04 1.516981034530457873e+04 1.516940212718079601e+04 1.516884554963811570e+04 1.516817361346953476e+04 1.516741137109061856e+04 1.516653553975659088e+04 1.516556841009096570e+04 1.516452930751642089e+04 1.516339139323861127e+04
4.102658105827187290e-02 1.450696946098634908e+04 1.450671530573132986e+04 1.450632782328444773e+04 1.450579687103284596e+04 1.450515546083493791e+04 1.450442699154837646e+04 1.450359108297154853e+04 1.450266639954764287e+04 1.450167904737214667e+04 1.450059221503057597e+04
4.297004704320836477e-02 1.388441081876655153e+04 1.388416811048576164e+04 1.388373396609290648e+04 1.388322674487661243e+04 1.388261171014509091e+04 1.388185310319303244e+04 1.388105398457304909e+04 1.388016734191760224e+04 1.387916070392244546e+04 1.387811943400091150e+04
4.500557675700495031e-02 1.331052796190477420e+04 1.331029663297784464e+04 1.330978229502387876e+04 1.330929619804431786e+04 1.330870467303125770e+04 1.330788321642831033e+04 1.330711703865665004e+04 1.330626516380042449e+04 1.330520061190554406e+04 1.330420013080332137e+04
4.713753134116717425e-02 1.279493426473450018e+04 1.279471186000634407e+04 1.279416885077005099e+04 1.279370089700170138e+04 1.279313417207564999e+04 1.279229521015486898e+04 1.279155800761521459e+04 1.279074030444724121e+04 1.278966457145993627e+04 1.278870191574976525e+04
4.937047852838997303e-02 1.233550136576161094e+04 1.233528610025749913e+04 1.233479407903903120e+04 1.233434237028107782e+04 1.233380000565928458e+04 1.233301834622396382e+04 1.233230735330557218e+04 1.233152202605692946e+04 1.233051203052373239e+04 1.232958471842365907e+04
5.170920242896753782e-02 1.192080701272620172e+04 1.192059993581905837e+04 1.192021788775343339e+04 1.191978255564804385e+04 1.191925823861391291e+04 1.191859561557855704e+04 1.191791011137894930e+04 1.191715146662242296e+04 1.191626683621422490e+04 1.191537184612261262e+04
5.415871378079464143e-02 1.154045972807726685e+04 1.154026072449495950e+04 1.153999327926154183e+04 1.153957373118863507e+04 1.153906345480105665e+04 1.153852865305994419e+04 1.153786740658296731e+04 1.153713153535071251e+04 1.153638031135358324e+04 1.153551483948202258e+04
5.672426068491971674e-02 1.118460748359110039e+04 1.118441387637385560e+04 1.118420281362288188e+04 1.118379670922484001e+04 1.118330248345680775e+04 1.118283731589464151e+04 1.118219750087526700e+04 1.118148469728426971e+04 1.118081173787501757e+04 1.117997371507776734e+04
5.941133984965028120e-02 1.084106114232594700e+04 1.084087305786142679e+04 1.084064917062905442e+04 1.084025576234399523e+04 1.083977891521290985e+04 1.083930228806116247e+04 1.083868193573174722e+04 1.083799131209510051e+04 1.083731700881023789e+04 1.083650529280032970e+04
6.222570836730220711e-02 1.049596098098112816e+04 1.049577994891402523e+04 1.049549529884248841e+04 1.049511488023274251e+04 1.049465521650686242e+04 1.049410916636972979e+04 1.049350839755603374e+04 1.049283970056847284e+04 1.049210474239852374e+04 1.049131932178857096e+04
6.517339604882416149e-02 1.013310391473686286e+04 1.013292895995485014e+04 1.013258437292862618e+04 1.013221640947889136e+04 1.013177411864342139e+04 1.013117256261424336e+04 1.013059386345525490e+04 1.012995151514107238e+04 1.012916657430817759e+04 1.012840889487394998e+04
6.826071834272381955e-02 9.732477207136644211e+03 9.732309317726261725e+03 9.731968681728299998e+03 9.731615099884884330e+03 9.731191144662721854e+03 9.730612932622918379e+03 9.730058046534642926e+03 9.729443081141245784e+03 9.728684684560052119e+03 9.727958122254114642e+03
7.149428986597573810e-02 9.278938267394249124e+03 9.278779016798696830e+03 9.278513007205292524e+03 9.278177385613576917e+03 9.277773440488985216e+03 9.277293957550684354e+03 9.276765496177069508e+03 9.276179347962721295e+03 9.275525867220094369e+03 9.274834659610163726e+03
7.488103857590013013e-02 8.768738418606302730e+03 8.768587621222770395e+03 8.768400802138998188e+03 8.768085551947002386e+03 8.767704045994700209e+03 8.767323713897609196e+03 8.766826181219214050e+03 8.766274848699687936e+03 8.765733304776482328e+03 8.765082371566111760e+03
7.842822061337671735e-02 8.211417529165726592e+03 8.211276539552323811e+03 8.211108981385457810e+03 8.210814723054318165e+03 8.210459043078652030e+03 8.210114120797468786e+03 8.209649447602225337e+03 8.209134383988866830e+03 8.208640193514605926e+03 8.208036067421933694e+03
8.214343584919420183e-02 7.628845386030281588e+03 7.628715425384522860e+03 7.628514391890848856e+03 7.628241286072467119e+03 7.627913818362224447e+03 7.627540401895647847e+03 7.627112854784132651e+03 7.626635980473100972e+03 7.626128430940622820e+03 7.625569217299397678e+03
8.603464416684492022e-02 7.048580673071710407e+03 7.048461269464200086e+03 7.048246539738204774e+03 7.047996255576128533e+03 7.047695847180221790e+03 7.047314401442567942e+03 7.046920649205714653e+03 7.046484758080785468e+03 7.045977323175693527e+03 7.045462740095021218e+03
9.011018251665010859e-02 6.498269164262183040e+03 6.498159719227072856e+03 6.497999699040878113e+03 6.497771053861921246e+03 6.497494845676964360e+03 6.497180230218557881e+03 6.496819784100966899e+03 6.496420742876530312e+03 6.495987681997959953e+03 6.495517231752123735e+03
9.437878277775374469e-02 6.003667924055962430e+03 6.003567022054155132e+03 6.003472610973459268e+03 6.003262503059228948e+03 6.003009050258519892e+03 6.002778061356877515e+03 6.002448560950886531e+03 6.002081705375070669e+03 6.001743545591408292e+03 6.001312683704549272e+03
9.884959046625570178e-02 5.585885400799142189e+03 5.585792171906127805e+03 5.585693084379414358e+03 5.585499134913270609e+03 5.585266308396793647e+03 5.585050354187623270e+03 5.584744429535285235e+03 5.584406347774898677e+03 5.584093337943842016e+03 5.583694887183349238e+03
1.035321843295661098e-01 5.256561210185499476e+03 5.256475770207580354e+03 5.256312539335628571e+03 5.256131728460015438e+03 5.255913984276536212e+03 5.255642449926919653e+03 5.255358091559439345e+03 5.255040738945013800e+03 5.254681336300333896e+03 5.254307469335615679e+03
1.084365968689609272e-01 5.010076123274239762e+03 5.009993912439047563e+03 5.009808052810230947e+03 5.009637236247756846e+03 5.009430155291405754e+03 5.009134001638616610e+03 5.008864998810254292e+03 5.008564892112614871e+03 5.008181111372485248e+03 5.007828181814143136e+03
1.135733358343103683e-01 4.821206624176531477e+03 4.821129035930950522e+03 4.820994592244160231e+03 4.820830682859341323e+03 4.820632749963658171e+03 4.820386547636304385e+03 4.820128112371224233e+03 4.819840315467070468e+03 4.819509939345536623e+03 4.819171140743489559e+03
1.189534067370318221e-01 4.651872036982906138e+03 4.651796636980805488e+03 4.651717073679692476e+03 4.651559587825660856e+03 4.651369401021103840e+03 4.651185505009147164e+03 4.650936824095478187e+03 4.650660895306788916e+03 4.650395815900054004e+03 4.650070803559565320e+03
1.245883364295006790e-01 4.463033837230806057e+03 4.462962413781672694e+03 4.462892179238156132e+03 4.462741452458179992e+03 4.462559973169893055e+03 4.462396467199496328e+03 4.462159372251533568e+03 4.461895740190676406e+03 4.461656281043954550e+03 4.461345680991144036e+03
1.304901978014400554e-01 4.227968369603529027e+03 4.227901170630822890e+03 4.227805207958435858e+03 4.227663227756554079e+03 4.227492895717884494e+03 4.227310095573023318e+03 4.227087048941749345e+03 4.226839481351435097e+03 4.226585427382368835e+03 4.226293557647753914e+03
1.366716356462004955e-01 3.942978574350739564e+03 3.942916608897482547e+03 3.942782313686565431e+03 3.942652308378673752e+03 3.942495062352018977e+03 3.942275850268822978e+03 3.942070461834285197e+03 3.941841981350543847e+03 3.941557950033791712e+03 3.941289256117213426e+03
1.431458937523477637e-01 3.628158118299704256e+03 3.628101528721878367e+03 3.627987624797581248e+03 3.627869652768309606e+03 3.627727408740624014e+03 3.627534264114928192e+03 3.627347877662648898e+03 3.627141715122009373e+03 3.626886822174830741e+03 3.626643484781550796e+03
1.499268432786043104e-01 3.319473805230798462e+03 3.319423546134925800e+03 3.319375654822007164e+03 3.319270287675471081e+03 3.319143165210553434e+03 3.319028548794112339e+03 3.318861972046273877e+03 3.318677093260454967e+03 3.318508198205803183e+03 3.318290586329308553e+03
1.570290124729375181e-01 3.057775304629169113e+03 3.057729831661537901e+03 3.057662626418520176e+03 3.057567006622589361e+03 3.057451893969006051e+03 3.057325418180837005e+03 3.057174990993517440e+03 3.057008066048953424e+03 3.056835280201712976e+03 3.056638666641463715e+03
1.644676177994662258e-01 2.866673993192457147e+03 2.866632384478845324e+03 2.866536991102746470e+03 2.866449100823016124e+03 2.866342804578232062e+03 2.866190236630961408e+03 2.866051498909790098e+03 2.865897988347821865e+03 2.865700207556445548e+03 2.865519071901633652e+03
1.722585965398783781e-01 2.734266124269975990e+03 2.734227022915510133e+03 2.734185972770881563e+03 2.734103037613634115e+03 2.734003067690645821e+03 2.733907411749640687e+03 2.733777384760706809e+03 2.733631908782360824e+03 2.733493970575096682e+03 2.733322850953915804e+03
1.804186409392069812e-01 2.626096181189775962e+03 2.626058459245266022e+03 2.625994229983976311e+03 2.625915858579447558e+03 2.625821096300716817e+03 2.625707496030853235e+03 2.625583790869799486e+03 2.625445575961719442e+03 2.625293966434283902e+03 2.625131387368867763e+03
1.889652339691207938e-01 2.504327209036906879e+03 2.504292274534865555e+03 2.504232558724028877e+03 2.504158964038237173e+03 2.504069321687025877e+03 2.503961218517816633e+03 2.503844751619869385e+03 2.503714900800124724e+03 2.503567859276260151e+03 2.503415173332122322e+03
1.979166867853553724e-01 2.346870727371882822e+03 2.346838070982756562e+03 2.346800427355025477e+03 2.346732606725352525e+03 2.346651090480216681e+03 2.346570687134896616e+03 2.346463740323222737e+03 2.346344930394242965e+03 2.346230584098268537e+03 2.346090667194375328e+03
2.072921779595368330e-01 2.169474002842925984e+03 2.169444815849943552e+03 2.169384128617365604e+03 2.169323958559362381e+03 2.169250592415822211e+03 2.169150687158270557e+03 2.169054903614144223e+03 2.168948554115427214e+03 2.168817939560748528e+03 2.168692536791393195e+03
2.171117945694501505e-01 2.007604979958739023e+03 2.007579215218316904e+03 2.007545136666501094e+03 2.007490790429952995e+03 2.007425299281990192e+03 2.007356226945655635e+03 2.007270773889357088e+03 2.007175632409547006e+03 2.007078657471308588e+03 2.006966714494029929e+03
2.273965752357926251e-01 1.885237323606796735e+03 1.885213660484105731e+03 1.885178102980310996e+03 1.885128737765050573e+03 1.885069089929997745e+03 1.885001644348240688e+03 1.884923494112885237e+03 1.884836926759024436e+03 1.884744302799100296e+03 1.884642308468416559e+03
2.381685551976154835e-01 1.796501168932754354e+03 1.796479261626483549e+03 1.796443059464277439e+03 1.796396688832232940e+03 1.796341352127851451e+03 1.796275453814950652e+03 1.796202925763297344e+03 1.796122096092606398e+03 1.796033338525500312e+03 1.795938065107294051e+03
2.494508135230313339e-01 1.713493313722891571e+03 1.713472917105886381e+03 1.713439681386177654e+03 1.713396728042229370e+03 1.713345067878363807e+03 1.713283687092443415e+03 1.713216015739774093e+03 1.713140754001054347e+03 1.713056842249951842e+03 1.712968270311967444e+03
2.612675225563326209e-01 1.614350316354526967e+03 1.614331760141215454e+03 1.614304498001156617e+03 1.614265501394814919e+03 1.614218422223131938e+03 1.614166563060654653e+03 1.614104999554106598e+03 1.614036501537424556e+03 1.613965377409320126e+03 1.613884682806231467e+03
2.736439997074666675e-01 1.508338647801494290e+03 1.508322158949122240e+03 1.508294813734539730e+03 1.508260006845634734e+03 1.508217985925293533e+03 1.508167604336646491e+03 1.508112693354868270e+03 1.508051541556666052e+03 1.507983020929489612e+03 1.507911024683134656e+03
2.866067616948247965e-01 1.416717629124339965e+03 1.416702839747288863e+03 1.416679360790082910e+03 1.416647999071333516e+03 1.416610149722815549e+03 1.416567119313368948e+03 1.416517689956251388e+03 1.416462817905314296e+03 1.416403899241326371e+03 1.416339294001446433e+03
3.001835813575586265e-01 1.345925997026763525e+03 1.345912403399980121e+03 1.345892143364519370e+03 1.345863534983064255e+03 1.345828964761907173e+03 1.345790196464419978e+03 1.345744972613746540e+03 1.345694778481176854e+03 1.345641234796253002e+03 1.345582038591604260e+03
3.144035471591494768e-01 1.280855174387772422e+03 1.280842686709443797e+03 1.280821321781345887e+03 1.280795018137345778e+03 1.280763372368498267e+03 1.280725030383261583e+03 1.280683763924510458e+03 1.280637720003254572e+03 1.280585963320907013e+03 1.280531816796861676e+03
3.292971255097142946e-01 1.210698764995532201e+03 1.210687606366351247e+03 1.210671753891605704e+03 1.210648187608399894e+03 1.210619770783181821e+03 1.210588791905366861e+03 1.210551689867027562e+03 1.210510300165283525e+03 1.210467413998373104e+03 1.210418656359302986e+03
3.448962260405754598e-01 1.142757491966147882e+03 1.142747514584795908e+03 1.142730819780455477e+03 1.142709765241422474e+03 1.142684467055668620e+03 1.142654021302127148e+03 1.142620894441702831e+03 1.142583995907831650e+03 1.142542834395490218e+03 1.142499340080656566e+03
3.612342699709426008e-01 1.085314236345937161e+03 1.085305179295764674e+03 1.085291075225178474e+03 1.085272183392977240e+03 1.085249332779645783e+03 1.085223091676065224e+03 1.085193217597515741e+03 1.085159996183362864e+03 1.085124202090447170e+03 1.085085127697754842e+03
3.783462617131921335e-01 1.033553688523142000e+03 1.033545528452228154e+03 1.033532736336226662e+03 1.033515614514721619e+03 1.033495051119168920e+03 1.033471212189916514e+03 1.033444279143405083e+03 1.033414335265428690e+03 1.033381730766982628e+03 1.033346411871777718e+03
3.962688638701473698e-01 9.815231958759543431e+02 9.815159670140740218e+02 9.815043270214744098e+02 9.814889875354904234e+02 9.814705940819077341e+02 9.814491612824699587e+02 9.814251324679598838e+02 9.813983592823415165e+02 9.813692247056611677e+02 9.813377211822739810e+02
4.150404757850468807e-01 9.327452836697443672e+02 9.327387933455981965e+02 9.327289256407935909e+02 9.327153695560425604e+02 9.326990428118673435e+02 9.326804104238918853e+02 9.326590303693208170e+02 9.326352460160862847e+02 9.326098003014197957e+02 9.325817355099659380e+02
4.347013158125022092e-01 8.892151664459263429e+02 8.892093641924840313e+02 8.892007294668832174e+02 8.891886056197500920e+02 8.891739992083283823e+02 8.891574814199115053e+02 8.891383853253923917e+02 8.891171689049390352e+02 8.890945387033400493e+02 8.890694801551774162e+02
4.552935074866943932e-01 8.477334138717774294e+02 8.477282975098333964e+02 8.477206492944793581e+02 8.477099280457872510e+02 8.476969455226649188e+02 8.476823578359256999e+02 8.476654424082930745e+02 8.476465409619148659e+02 8.476265135127822532e+02 8.476042502947161665e+02
4.768611697714462139e-01 8.081907686347973367e+02 8.081862739499035797e+02 8.081792618981704663e+02 8.081697588323089576e+02 8.081582801066683714e+02 8.081451715386199339e+02 8.081301792958552141e+02 8.081134843910552945e+02 8.080954509349920727e+02 8.080758659692440915e+02
4.994505115855137345e-01 7.717640954146635295e+02 7.717600707841570511e+02 7.717538271901139524e+02 7.717454202769630456e+02 7.717353330781090790e+02 7.717235626120798315e+02 7.717103484109255760e+02 7.716956281305181164e+02 7.716796708761895616e+02 7.716623703035683093e+02
5.231099308056256225e-01 7.372657390385190865e+02 7.372622408135192700e+02 7.372567509112085418e+02 7.372493804691570176e+02 7.372404899873937438e+02 7.372302060174480403e+02 7.372185965060086801e+02 7.372056414323197941e+02 7.371916563805505120e+02 7.371764365465473929e+02
5.478901179593932413e-01 7.046124904558831759e+02 7.046094044982606874e+02 7.046045971829289556e+02 7.045981241232553884e+02 7.045903431806307253e+02 7.045813317621161787e+02 7.045711645829159124e+02 7.045598231692029003e+02 7.045475518389380341e+02 7.045342102691774926e+02
5.738441648302390341e-01 6.739361799049452202e+02 6.739335108629626347e+02 6.739293058945219173e+02 6.739236518891234482e+02 6.739168469106672319e+02 6.739089586534763612e+02 6.739000559040803182e+02 6.738901755181909721e+02 6.738794512003521504e+02 6.738677931754677957e+02
6.010276782070375079e-01 6.447660473707770734e+02 6.447636839325458595e+02 6.447600621922698565e+02 6.447551365077056289e+02 6.447492189391584816e+02 6.447423845418029487e+02 6.447346491602754668e+02 6.447260513292333144e+02 6.447167363473542991e+02 6.447066121011345103e+02
6.294988990221875858e-01 6.171165512171548926e+02 6.171145512453094852e+02 6.171113819567530072e+02 6.171071584700775929e+02 6.171019957337206279e+02 6.170961773650582245e+02 6.170894390330942088e+02 6.170820392885100318e+02 6.170739315042733324e+02 6.170651779312011058e+02
6.593188271333542128e-01 5.908153019253059028e+02 5.908135293997282815e+02 5.908108548046942587e+02 5.908071749746134174e+02 5.908027720606330604e+02 5.907976896156623070e+02 5.907919254106111566e+02 5.907855020153194801e+02 5.907785974833999489e+02 5.907710305730836353e+02
6.905513520162318564e-01 5.657127380756703587e+02 5.657112818997667318e+02 5.657089466146641143e+02 5.657058096423994584e+02 5.657020308608805408e+02 5.656976829849069190e+02 5.656927207145382681e+02 5.656872188398671142e+02 5.656813047445732536e+02 5.656748355553148713e+02
7.232633896483522395e-01 5.417308757562583423e+02 5.417296436512762057e+02 5.417276459260772299e+02 5.417249769858676700e+02 5.417217478133345594e+02 5.417180486130976078e+02 5.417138092234851001e+02 5.417091233018691128e+02 5.417040802067722325e+02 5.416985702230545030e+02
7.575250258771908385e-01 5.187640201872141006e+02 5.187629506471628247e+02 5.187612744129522753e+02 5.187590081507831883e+02 5.187562642203951100e+02 5.187531321655518468e+02 5.187495400196993387e+02 5.187455708145562312e+02 5.187412952832351039e+02 5.187366218772606317e+02
7.934096665797480963e-01 4.967160252179812119e+02 4.967150943307831881e+02 4.967137023620649074e+02 4.967117863878943353e+02 4.967094692631914086e+02 4.967068322060206356e+02 4.967038099248425169e+02 4.967004675056939504e+02 4.966968655048833057e+02 4.966929238533356283e+02
8.309941949353377710e-01 4.755040931284731869e+02 4.755032980480850142e+02 4.755021431965818692e+02 4.755005343198712353e+02 4.754985908657822620e+02 4.754963846981985967e+02 4.754938567927322879e+02 4.754910598984645276e+02 4.754880460355322498e+02 4.754847450587552089e+02
8.703591361485154554e-01 4.550596595939369990e+02 4.550589945805476191e+02 4.550580363962211550e+02 4.550566955291504314e+02 4.550550773376209008e+02 4.550532445534202566e+02 4.550511431804912377e+02 4.550488189236293124e+02 4.550463159337368211e+02 4.550435730871296300e+02
9.115888299750808388e-01 4.353225574107680131e+02 4.353220119340743395e+02 4.353212176102139210e+02 4.353201089473145089e+02 4.353187719262565452e+02 4.353172609256617989e+02 4.353155258110415389e+02 4.353136089423216504e+02 4.353115469914251321e+02 4.353092870880175269e+02
9.547716114208039118e-01 4.162397279347991343e+02 4.162392874965592000e+02 4.162386309255965671e+02 4.162377216949451508e+02 4.162366257207327749e+02 4.162353902698169463e+02 4.162339679754899180e+02 4.162324001726229881e+02 4.162307162129765743e+02 4.162288708279706952e+02
9.999999999999991118e-01 3.977646838630172965e+02 3.977643308419831669e+02 3.977637917096795945e+02 3.977630519712175214e+02 3.977621605994737024e+02 3.977611593554262299e+02 3.977600026270536659e+02 3.977587318682839168e+02 3.977573690839538472e+02 3.977558760581492265e+02
