# # First row is parameter values (first value is 99.0)
# # Second row is sigma_8 (first value is 99.0)
# # First column is k (Mpc/h), second column is P(k,z =0)
# # parmeter being varied is obh2
# # model type = fiducial
9.900000000000000000e+01 1.000000000000000021e-02 1.444444444444444378e-02 1.888888888888888909e-02 2.333333333333333093e-02 2.777777777777777624e-02 3.222222222222222154e-02 3.666666666666666685e-02 4.111111111111111216e-02 4.555555555555555747e-02 5.000000000000000278e-02
9.900000000000000000e+01 8.936368559002726419e-01 8.597970089632268609e-01 8.286135831990579792e-01 7.995629518266624824e-01 7.725330464131516806e-01 7.473491742298722373e-01 7.238374982245814326e-01 7.018476692700862385e-01 6.812494622961309254e-01 6.619321733708539712e-01
1.000000000000000048e-04 5.228969163205061932e+02 4.972255798236876103e+02 4.735363908186705544e+02 4.516223712763865024e+02 4.313039952769811407e+02 4.124240479497636898e+02 3.948447653953911640e+02 3.784448840895950639e+02 3.631172521327490017e+02 3.487670407759270006e+02
1.047370897959449686e-04 5.466388720605523304e+02 5.198027934868875946e+02 4.950386232577835699e+02 4.721301533095630134e+02 4.508896580763582733e+02 4.311528462766086705e+02 4.127757261874203323e+02 3.956314041672262078e+02 3.796080750411776421e+02 3.646064445742455291e+02
1.096985797892383675e-04 5.714572516458692917e+02 5.434037586902127259e+02 5.175159841439941601e+02 4.935680879551276234e+02 4.713637044969525505e+02 4.507312489582200783e+02 4.315200979493990303e+02 4.135977037264140677e+02 3.968471058785513037e+02 3.811645741093864785e+02
1.148951000187309178e-04 5.974006594887522397e+02 5.680746348362724802e+02 5.410125380748415864e+02 5.159781713359445803e+02 4.927662892449092169e+02 4.711976373063425285e+02 4.511146890826536264e+02 4.323790430701712921e+02 4.148682003445044870e+02 3.984739540410213294e+02
1.203377840777589472e-04 6.245199094679055634e+02 5.938637890782697468e+02 5.655742674379681603e+02 5.394042829566002411e+02 5.151393605734249377e+02 4.925921132754093605e+02 4.715979797240118501e+02 4.520122358437261028e+02 4.337067659746594472e+02 4.165685414712290822e+02
1.260382929679727457e-04 6.528679949737737616e+02 6.208217486678124715e+02 5.912492003650428387e+02 5.638922675358032848e+02 5.385267238229444047e+02 5.149566227733143933e+02 4.930101071262904497e+02 4.725357502534265564e+02 4.533997509158201069e+02 4.354838103707643313e+02
1.320088400831417777e-04 6.825001802126305392e+02 6.490011050476631453e+02 6.180875324080822111e+02 5.894900193705532274e+02 5.629741368712896019e+02 5.383349970627833727e+02 5.153929700696844520e+02 4.939897823985929790e+02 4.739856893997501288e+02 4.552568145025005606e+02
1.382622173764655948e-04 7.134742274073063300e+02 6.784567426492443474e+02 6.461417035547038950e+02 6.162475726101640703e+02 5.885293832181873768e+02 5.627729302984275819e+02 5.387903493143730884e+02 5.164163338218185118e+02 4.955048664195090851e+02 4.759262907789379256e+02
1.448118227674533498e-04 7.458505312708409747e+02 7.092461062796779743e+02 6.754664296463796518e+02 6.442171826847995817e+02 6.152423739143389412e+02 5.883181095197934383e+02 5.632479895959479563e+02 5.398592925534344431e+02 5.179994344005771154e+02 4.975327904169129170e+02
1.516716888470922740e-04 7.796921292016135112e+02 7.414292464904258395e+02 7.061188259874585356e+02 6.734534231231098147e+02 6.431652477205981313e+02 6.150203979666598570e+02 5.888136798130469742e+02 5.643644939649732351e+02 5.415134186470113491e+02 5.201186672441366454e+02
1.588565129428052810e-04 8.150647568047587583e+02 7.750687471589798179e+02 7.381585666083972228e+02 7.040132255907228682e+02 6.723524608681522068e+02 6.429319193209714740e+02 6.155373422309826310e+02 5.899797900189108759e+02 5.660927406460277780e+02 5.437279855473117323e+02
1.663816886076128847e-04 8.520370089403650127e+02 8.102298635328565979e+02 7.716479904281731024e+02 7.359559681509281290e+02 7.028607967429675227e+02 6.721070679873377003e+02 6.434710766654029612e+02 6.167551477521435572e+02 5.917853493724082909e+02 5.684067239368284845e+02
1.742633386009649968e-04 8.906804066346340960e+02 8.469807323982390699e+02 8.066520940719658483e+02 7.693436546490547698e+02 7.347494860473864264e+02 7.026025963630611386e+02 6.726692155163379994e+02 6.447427165850793926e+02 6.186413008606450603e+02 5.942030241383309885e+02
1.825183494319043405e-04 9.310696075528808251e+02 8.853924979286276766e+02 8.432386150661365036e+02 8.042410367471940162e+02 7.680804349437257770e+02 7.344777532142289829e+02 7.031885075853425633e+02 6.739969500710554939e+02 6.467128688984776090e+02 6.211672241570538517e+02
1.911644075385702070e-04 9.732826223520955864e+02 9.255393878227782807e+02 8.814782586013965329e+02 8.407157065033168237e+02 8.029183526591530153e+02 7.677943834142200785e+02 7.350882648877094425e+02 7.045747014584806038e+02 6.760546669842223082e+02 6.493518116785104439e+02
2.002200371815584276e-04 1.017400857966242256e+03 9.674988153735630476e+02 9.214448343345308103e+02 8.788381959782552713e+02 8.393306671662993494e+02 8.026170125559154940e+02 7.684303865515769303e+02 7.365353173659236745e+02 7.067237301634457936e+02 6.788115349723368581e+02
2.097046401323232167e-04 1.063508964397454520e+03 1.011351500523884056e+03 9.632153555572241430e+02 9.186820750893438117e+02 8.773875255913238789e+02 8.390128900234841467e+02 8.032793102291552714e+02 7.699406418225811422e+02 7.387795020725428685e+02 7.096035338140441127e+02
2.196385372416545924e-04 1.111695122568106171e+03 1.057181518002878192e+03 1.006870133060382500e+03 9.603239520914549985e+02 9.171621758552187202e+02 8.770521954825550210e+02 8.397022555324803079e+02 8.048551874489065767e+02 7.722839660251976284e+02 7.417874394383658228e+02
2.300430119772917776e-04 1.162051349345198560e+03 1.105076537760924566e+03 1.052492895358607484e+03 1.003843720997598780e+03 9.587312440506677831e+02 9.168082054301705739e+02 8.777694584977023169e+02 8.413463642586348215e+02 8.073018279475247709e+02 7.754254764803464468e+02
2.409403560239524868e-04 1.214673628479290301e+03 1.155127960012022641e+03 1.100170753788436286e+03 1.049324735642783708e+03 1.002174638973535480e+03 9.583573677949391367e+02 9.175542378389740179e+02 8.794845719796596768e+02 8.439006319593059970e+02 8.105825580738286362e+02
2.523539170434766117e-04 1.269661838977019670e+03 1.207431056051839050e+03 1.149994502386668046e+03 1.096853924657355492e+03 1.047575352533476917e+03 1.001779244469078321e+03 9.591329020989918490e+02 9.193430815575728730e+02 8.821507917045107661e+02 8.473264110061782048e+02
2.643081486974104954e-04 1.327119909903741245e+03 1.262084950283505577e+03 1.202058864600784773e+03 1.146521765947836684e+03 1.095019838990599055e+03 1.047156737668289679e+03 1.002584930790743101e+03 9.609981449640512210e+02 9.221256656970025460e+02 8.857276698971999167e+02
2.768286630392065599e-04 1.387156089711333834e+03 1.319192867116743400e+03 1.256462585144254035e+03 1.198422497151978405e+03 1.144598282502580787e+03 1.094576250293427620e+03 1.047993215094511015e+03 1.004529314952606228e+03 9.639017551206640064e+02 9.258599737776817165e+02
2.899422853882876647e-04 1.449883098540472702e+03 1.378862191362516569e+03 1.313308247885824358e+03 1.252654217646531151e+03 1.196404707869282447e+03 1.144127835533910229e+03 1.095444195263411075e+03 1.050019602192895718e+03 1.007558818516623546e+03 9.677999492442920655e+02
3.036771118035457777e-04 1.515418133974403418e+03 1.441204684237345873e+03 1.372702537517554219e+03 1.309319058198743051e+03 1.250536937058526746e+03 1.195905252045721454e+03 1.145027873682832023e+03 1.097555486451039087e+03 1.053179969114337382e+03 1.011627465889941277e+03
3.180625692794118915e-04 1.583882836211927497e+03 1.506336627183681458e+03 1.434756491699635944e+03 1.368523234512940689e+03 1.307096775892299547e+03 1.250006104029624566e+03 1.196837892981676987e+03 1.147226943392181511e+03 1.100851662833803857e+03 1.057425813903888411e+03
3.331294787934673180e-04 1.655403698824448156e+03 1.574378989083064653e+03 1.499585664920144836e+03 1.430377182841823014e+03 1.366190062619627270e+03 1.306531979029766262e+03 1.250971736830527334e+03 1.199127661767256541e+03 1.150663954431085131e+03 1.105281805683176572e+03
3.489101213406771624e-04 1.730112175540579074e+03 1.645457319290055921e+03 1.567310117256929516e+03 1.494995841638898810e+03 1.427926803172717200e+03 1.365588549434955212e+03 1.307530787740086453e+03 1.253355058590003182e+03 1.202710604478819732e+03 1.155285690680111884e+03
3.654383070957255785e-04 1.808144865641669412e+03 1.719701795771636625e+03 1.638054506753221403e+03 1.562498805680680334e+03 1.492421499974954713e+03 1.427285678835540466e+03 1.366620539247172019e+03 1.310010529377600051e+03 1.257089244780054287e+03 1.207531375087771039e+03
3.827494478516312048e-04 1.889643398714569912e+03 1.797247708021706103e+03 1.711948345580296291e+03 1.633010256428062121e+03 1.559793321809374447e+03 1.491737380659734299e+03 1.428350608029022851e+03 1.369199496205050309e+03 1.313901357170409256e+03 1.262116563591521299e+03
4.008806328898464845e-04 1.974754736315607261e+03 1.878235621722148608e+03 1.789126066180890803e+03 1.706658800297350808e+03 1.630165935612088106e+03 1.559062203999075791e+03 1.492834984787132271e+03 1.431031618205625591e+03 1.373252485198631575e+03 1.319142912987696491e+03
4.198707084443908553e-04 2.063630820205849886e+03 1.962811312542081623e+03 1.869727171950149568e+03 1.783577999617191608e+03 1.703667193361611226e+03 1.629383364833518954e+03 1.560192019802138930e+03 1.495620750690364730e+03 1.435252243515008558e+03 1.378716092359484037e+03
4.397603609302718668e-04 2.156429056219843005e+03 2.051125405260759180e+03 1.953896090940730573e+03 1.863906496960986260e+03 1.780429889953190013e+03 1.702828854880904146e+03 1.630544684011778372e+03 1.563085182522568402e+03 1.500014494720917128e+03 1.440945893609251016e+03
4.605922041145105693e-04 2.253312567992736149e+03 2.143333995165231499e+03 2.041782559197585215e+03 1.947788122932775877e+03 1.860592160738955954e+03 1.779531114837501264e+03 1.704020542849539424e+03 1.633547660558552479e+03 1.567657460780922520e+03 1.505946363362859302e+03
4.824108704165368721e-04 2.354450356569413543e+03 2.239598666240027342e+03 2.133541453953005657e+03 2.035371511911087282e+03 1.944297380238363303e+03 1.859627481279172571e+03 1.780751982124347023e+03 1.707135569098198403e+03 1.638303835581046997e+03 1.573835838053694715e+03
5.052631065335679277e-04 2.460016749239518049e+03 2.340086751373170955e+03 2.229333215713266327e+03 2.126810624590439147e+03 2.031693547852086567e+03 1.943260295891387159e+03 1.860875990438476720e+03 1.783980954872129360e+03 1.712080980430661612e+03 1.644737175502429864e+03
5.291978735958440157e-04 2.570191567583743108e+03 2.444971051588113824e+03 2.329323877658036963e+03 2.222264888350398905e+03 2.122933824756009471e+03 2.030577122018398768e+03 1.944534367643578662e+03 1.864220616546331485e+03 1.789120993093439893e+03 1.718777738247882326e+03
5.542664520663104742e-04 2.685160651014842188e+03 2.554430148079002265e+03 2.433685213157322778e+03 2.321899356739978884e+03 2.218176556414193328e+03 2.121730691765950269e+03 2.031874090676811193e+03 1.947996338024692932e+03 1.869560781530572058e+03 1.796089620939386123e+03
5.805225516094897299e-04 2.805115937004216903e+03 2.668647847235307381e+03 2.542593800221465244e+03 2.425884082413791020e+03 2.317585517654074920e+03 2.216879060123900672e+03 2.123047438072402656e+03 2.035454921376305492e+03 1.953541869596433571e+03 1.876809468725921761e+03
6.080224261649421489e-04 2.930254858851490098e+03 2.787813503284995477e+03 2.656231528434866505e+03 2.534394440679347099e+03 2.421329870377371662e+03 2.316185293852818631e+03 2.218211795507214447e+03 2.126748246722322165e+03 2.041210771886709836e+03 1.961078853487537799e+03
6.368249944718586218e-04 3.060779692665917537e+03 2.912122450126928925e+03 2.774786446523849918e+03 2.647611473364408084e+03 2.529584278994433134e+03 2.419817390548446383e+03 2.317529444567708651e+03 2.222032965901972602e+03 2.132718741732511717e+03 2.049044197163990248e+03
6.669919663030119154e-04 3.196898696450798070e+03 3.041776066973935031e+03 2.898452833636943978e+03 2.765721979273465422e+03 2.642528783809249035e+03 2.527948836967386342e+03 2.421168075063497781e+03 2.321471010068303258e+03 2.228222240005159165e+03 2.140857022724278067e+03
6.985879746785244931e-04 3.338826172873766609e+03 3.176980921293291885e+03 3.027429941892793977e+03 2.888918159526686395e+03 2.760348669164408875e+03 2.640758581921963469e+03 2.529300686412749201e+03 2.425229432109504160e+03 2.327883008680096282e+03 2.236673633350646014e+03
7.316807143427194859e-04 3.486782112984842570e+03 3.317948223619250712e+03 3.161921627690199784e+03 3.017397408243037262e+03 2.883234690314062391e+03 2.758431097031837453e+03 2.642105687924803533e+03 2.533480697750821037e+03 2.431868179464773220e+03 2.336655400285135329e+03
7.663410868007456550e-04 3.640990692933285573e+03 3.464894734143859750e+03 3.302137361748878448e+03 3.151362442428245686e+03 3.011382705697110396e+03 2.881155935490014599e+03 2.759766112728750613e+03 2.646402276733510007e+03 2.540349482398401960e+03 2.440968758751639598e+03
8.026433522257172539e-04 3.801681219718507691e+03 3.618042468590517274e+03 3.448292111848985314e+03 3.291020764816953488e+03 3.144993949326767961e+03 3.009128030127857528e+03 2.882470310256318953e+03 2.764176950650247818e+03 2.653503628190965628e+03 2.549785312154457642e+03
8.406652885618322952e-04 3.969087208184562769e+03 3.777618496302407493e+03 3.600605820365445197e+03 3.436585089506112581e+03 3.284274228839874468e+03 3.142546714217213321e+03 3.010411694562762932e+03 2.886991988078479608e+03 2.771512282071066238e+03 2.663281471940746997e+03
8.804883581643459635e-04 4.143446795063838181e+03 3.943853375791858980e+03 3.759301949251898805e+03 3.588272599475479637e+03 3.429434468369454862e+03 3.281616415453961963e+03 3.143788937852885738e+03 3.015039519214944903e+03 2.894562138795579813e+03 2.781638288979331264e+03
9.221978823334323712e-04 4.325001208205557305e+03 4.116982019860942273e+03 3.924608545982795931e+03 3.746305224071150860e+03 3.580689665702438106e+03 3.426546016718918509e+03 3.282804760774779425e+03 3.148516642322510961e+03 3.022844760995898014e+03 2.905041712127268966e+03
9.658832241158701306e-04 4.513995082776564232e+03 4.297242136998794194e+03 4.096757309563776289e+03 3.910908074865701110e+03 3.738259385884903622e+03 3.577549132026447296e+03 3.427666267975872870e+03 3.287625402966360070e+03 3.156556386315173313e+03 3.033682223037291351e+03
1.011637979766206877e-03 4.710674940272995627e+03 4.484874851405634217e+03 4.275983788404359075e+03 4.082310214985892799e+03 3.902366233708881282e+03 3.734842673545707839e+03 3.578584797763735878e+03 3.432571634572770108e+03 3.295897410755398141e+03 3.167754926319212700e+03
1.059560179277615295e-03 4.915288996496707114e+03 4.680122684325857335e+03 4.462524812439174639e+03 4.260743077029531378e+03 4.073236310252120802e+03 3.898647041897732834e+03 3.735775768226445052e+03 3.583564298304306249e+03 3.441071353380792516e+03 3.307458602285895267e+03
1.109752496412071696e-03 5.128085828334325015e+03 4.883229980509695451e+03 4.656619437136707347e+03 4.446440957620392510e+03 4.251098200760280633e+03 4.069185421083142046e+03 3.899457412351518542e+03 3.740816168653612294e+03 3.592285820152098950e+03 3.452996173758700934e+03
1.162322468679852228e-03 5.349313307795400760e+03 5.094440994206837786e+03 4.858507349184009399e+03 4.639638899288149332e+03 4.436182815474781819e+03 4.246683335864801847e+03 4.069849715260196263e+03 3.904543061279168796e+03 3.749751748161565502e+03 3.604573206820446558e+03
1.217382727739660777e-03 5.579218685933980851e+03 5.313999654900423593e+03 5.068429012144403714e+03 4.840572987584397197e+03 4.628721979010461837e+03 4.431368186548992526e+03 4.247175283986294744e+03 4.074963660173639710e+03 3.913683357583990073e+03 3.762398715652842839e+03
1.275051240713012809e-03 5.818046908682992580e+03 5.542148204482221445e+03 5.286623709726912239e+03 5.049479087126940613e+03 4.828947351910122961e+03 4.623467996233910526e+03 4.431658215100568668e+03 4.252297429815638679e+03 4.084295747797013519e+03 3.926683834205625317e+03
1.335451562929898311e-03 6.066039706560361083e+03 5.779125947644088228e+03 5.513329010498865500e+03 5.266592343334556972e+03 5.037090735337994374e+03 4.823211517261261179e+03 4.623524039574573180e+03 4.436765597156834701e+03 4.261806069537124131e+03 4.097642198280111188e+03
1.398713102647237494e-03 6.323431794291829647e+03 6.025168915989916968e+03 5.748779601822182485e+03 5.492145414167337549e+03 5.253382385057796455e+03 5.030826100437782770e+03 4.822997257590323898e+03 4.628588967115815649e+03 4.446431978110435921e+03 4.275487935197676961e+03
1.464971398307285183e-03 6.590452432473191948e+03 6.280507674784868868e+03 5.993205737998916447e+03 5.726366912809157839e+03 5.478050861129989244e+03 5.246538203821827665e+03 5.030302043179385691e+03 4.827988685593451919e+03 4.638391939172111961e+03 4.460435882814351316e+03
1.534368408930011527e-03 6.867322102731606719e+03 6.545366263053587318e+03 6.246832091466637394e+03 5.969481712777938810e+03 5.711319813018790228e+03 5.470570248517805339e+03 5.245658718984190273e+03 5.035183866149764071e+03 4.837902631549987746e+03 4.652700243086734190e+03
1.607052818261638658e-03 7.154252651748017342e+03 6.819957280605396591e+03 6.509874551769208665e+03 6.221708904647446616e+03 5.953408853978735351e+03 5.703141589820826994e+03 5.469285050217251410e+03 5.250391925366738178e+03 5.045179070569673968e+03 4.852494048392593868e+03
1.683180353330956123e-03 7.451441445711482629e+03 7.104484274768386967e+03 6.782541054332335079e+03 6.483260193718070695e+03 6.204529427021199808e+03 5.944464989841838360e+03 5.701394098735801890e+03 5.473825625986358318e+03 5.260433286060377213e+03 5.060028297428957558e+03
1.762914118095946624e-03 7.759072769815374158e+03 7.399138627813904350e+03 7.065027904639078770e+03 6.754334615140109236e+03 6.464885954035413306e+03 6.194747239949844698e+03 5.942194167190791632e+03 5.705692926832810372e+03 5.483873485966773842e+03 5.275510547569827395e+03
1.846424942895543049e-03 8.077313911657515746e+03 7.704099018087060358e+03 7.357520065798041287e+03 7.035121226534308335e+03 6.734671902754505027e+03 6.454184983903611283e+03 6.191885158635644075e+03 5.946195345164323044e+03 5.715702522478139144e+03 5.499144118179508951e+03
1.933891750455229942e-03 8.406314815299265319e+03 8.019523883038676104e+03 7.660185793131572609e+03 7.325796167612200406e+03 7.014070102434778164e+03 6.722964919468566222e+03 6.450657985721616569e+03 6.195526661715706723e+03 5.956115846807958405e+03 5.731125298332804050e+03
2.025501939230665762e-03 8.746202491932175690e+03 8.345553180024173344e+03 7.973177672411766252e+03 7.626522136102362310e+03 7.303248932626050191e+03 7.001262197857548017e+03 6.718692946833566566e+03 6.453871398769329062e+03 6.205301179487542868e+03 5.971644081070713582e+03
2.121451784910629440e-03 9.097079913035280697e+03 8.682305659809757344e+03 8.296626893154381833e+03 7.937441868089756099e+03 7.602361568309874201e+03 7.289239082804188911e+03 6.996157806918542519e+03 6.721402119506238705e+03 6.463435297162742245e+03 6.220880997486996421e+03
2.221946860939522182e-03 9.459024218106713306e+03 9.029877789053593006e+03 8.630644103346996417e+03 8.258679485599735926e+03 7.911543974130246170e+03 7.587041582760120946e+03 7.283206484757903127e+03 6.998279493421938241e+03 6.730684578572248029e+03 6.479007473775785911e+03
2.327202478960407363e-03 9.832083980626111952e+03 9.388338274403533433e+03 8.975316196796156873e+03 8.590337481504400785e+03 8.230912675729736293e+03 7.894796355175052668e+03 7.579975649058475028e+03 7.284648784312183125e+03 7.007201233090924688e+03 6.746181515696884162e+03
2.437444150122219325e-03 1.021627435945474099e+04 9.757725871421866032e+03 9.330704962317651734e+03 8.932495532775681568e+03 8.560561068857701684e+03 8.212609755518669772e+03 7.886583878006451414e+03 7.580639189168488883e+03 7.293123171390406242e+03 7.022548138923575607e+03
2.552908068239516035e-03 1.061157133776750379e+04 1.013804617763307033e+04 9.696838992939276068e+03 9.285202177249495435e+03 8.900554302576474583e+03 8.540562874222907340e+03 8.203125958142360105e+03 7.886357415812687577e+03 7.588567417011260659e+03 7.308233276064767779e+03
2.673841615839946031e-03 1.101791905195436084e+04 1.052926736343320044e+04 1.007371191321601691e+04 9.648473848908262880e+03 9.250933771436180905e+03 8.878714737962867730e+03 8.529675897241893836e+03 8.201890598055439114e+03 7.893632490247709939e+03 7.603345183292167349e+03
2.800503894183629678e-03 1.143523183590813096e+04 1.093132573485663124e+04 1.046128910161757813e+04 1.002230164951727602e+04 9.611716801353179108e+03 9.227101717907029524e+03 8.866286062255210709e+03 8.527305603694037927e+03 8.208398387587563775e+03 7.907975415028181487e+03
2.933166278390042427e-03 1.186336702679168229e+04 1.134412650560053225e+04 1.085950640407028368e+04 1.040664955697657206e+04 9.982881924043909748e+03 9.585726016155564139e+03 9.212979207153297466e+03 8.862643471950361345e+03 8.532922568417752700e+03 8.222195898641464737e+03
3.072112998861756435e-03 1.230207437005636166e+04 1.176751579388638856e+04 1.126823543702509414e+04 1.080141844484075591e+04 1.036433184506870202e+04 9.954519336023708092e+03 9.569714631476477734e+03 9.207888176287102397e+03 8.867211536548587901e+03 8.546033933250007976e+03
3.217641750250735053e-03 1.275108221008778492e+04 1.220123262167118810e+04 1.168725469872327449e+04 1.120642279680360480e+04 1.075593982036019952e+04 1.033337976522528334e+04 9.936413617838265054e+03 9.562981992686010926e+03 9.211227055418305099e+03 8.879469868521813623e+03
3.370064329271926437e-03 1.321029084702773980e+04 1.264499703756597955e+04 1.211635662875288290e+04 1.162149768300573305e+04 1.115767365001910366e+04 1.072228646377291443e+04 1.031306292774863869e+04 9.927917918268369249e+03 9.564967480971303303e+03 9.222506725709057719e+03
3.529707302730648259e-03 1.367952422540545740e+04 1.309869327096975940e+04 1.255547310048265354e+04 1.204660020765228728e+04 1.156947812013743714e+04 1.112121332697248909e+04 1.069966268241002945e+04 1.030271736466218135e+04 9.928471002263349874e+03 9.575194804761515115e+03
3.696912707195024878e-03 1.415767153692672218e+04 1.356212169237149647e+04 1.300433586177932375e+04 1.248146492618462798e+04 1.199072315972633987e+04 1.152963412549897475e+04 1.109579281840366275e+04 1.068706008457181997e+04 1.030150805572131503e+04 9.937385288676616256e+03
3.872038781812552587e-03 1.464332506572317470e+04 1.403416903019371966e+04 1.346180058803809879e+04 1.292503097407367932e+04 1.242043457472799491e+04 1.194665586727885966e+04 1.150063589472640524e+04 1.108020976314578729e+04 1.068342468106860360e+04 1.030850755461945482e+04
4.055460735840826954e-03 1.513811815110666430e+04 1.451343251305700505e+04 1.392687108638770951e+04 1.337650896654112876e+04 1.285932778481038986e+04 1.237280917784554731e+04 1.191450897559074292e+04 1.148228536391083617e+04 1.107416591406264706e+04 1.068836144888469607e+04
4.247571552536896777e-03 1.564552743917007319e+04 1.500142070784569296e+04 1.440159163626020199e+04 1.383792248668859247e+04 1.330978539031844775e+04 1.281028267607202361e+04 1.233940758190788256e+04 1.189506654984970919e+04 1.147529011807039024e+04 1.107828191498956949e+04
4.448782831127581772e-03 1.615835697500216702e+04 1.550146484541822247e+04 1.488828896987917688e+04 1.431104646884634531e+04 1.376866791357964030e+04 1.325669045922235455e+04 1.277380792405398097e+04 1.231780597215447415e+04 1.188671308725894414e+04 1.147871364129548056e+04
4.659525668664678613e-03 1.665823046292916843e+04 1.600684615925529397e+04 1.537783600815772479e+04 1.478675873570720069e+04 1.422417274875431212e+04 1.370140371478401903e+04 1.320826111684252464e+04 1.274224281122264620e+04 1.230132456960558011e+04 1.188368376456646183e+04
4.880251583654427253e-03 1.714356469098028901e+04 1.649982960939872646e+04 1.585458891755872537e+04 1.525129486390625607e+04 1.467162574083260006e+04 1.413931066054445546e+04 1.363694954107240301e+04 1.316200345441966419e+04 1.271236821956016865e+04 1.228624190447737783e+04
5.111433483440164932e-03 1.763931048638452921e+04 1.697798554281787438e+04 1.632293422638757875e+04 1.571056210317117257e+04 1.512576736709609577e+04 1.458339645111979735e+04 1.407096347845126184e+04 1.358623946088139564e+04 1.312704701657601981e+04 1.269162212106500192e+04
5.353566677410721841e-03 1.815988960939663957e+04 1.746509033223120787e+04 1.680552525030361721e+04 1.618488300741969942e+04 1.559938175718048115e+04 1.504596001825832718e+04 1.452238678033918404e+04 1.402670922361512930e+04 1.355673086619056085e+04 1.311071088694290665e+04
5.607169938205453820e-03 1.869047462426461789e+04 1.797607601326221265e+04 1.730921506570380006e+04 1.667829216828151038e+04 1.608487982651579296e+04 1.552065048518168260e+04 1.498639712282025903e+04 1.448019553890642965e+04 1.399984627757025191e+04 1.354360179631848587e+04
5.872786613189478859e-03 1.921639351129837814e+04 1.849676599941745371e+04 1.781871924385681996e+04 1.717690083963699362e+04 1.657100419649128889e+04 1.599696292133296811e+04 1.545310239600474779e+04 1.493744121399316464e+04 1.444776883290242222e+04 1.398234052209912443e+04
6.150985788580495481e-03 1.973796224725715729e+04 1.901201828480993208e+04 1.832332787224433196e+04 1.767222134481362446e+04 1.705606246071669375e+04 1.647293773345421141e+04 1.592009531191928545e+04 1.539555626493943237e+04 1.489709627467756400e+04 1.442299746749625592e+04
6.442363508721367545e-03 2.025765597578930829e+04 1.952188977529340627e+04 1.882483147614675181e+04 1.816576149417203851e+04 1.754165469554568699e+04 1.694998640420891388e+04 1.638864714973860828e+04 1.585565770705613613e+04 1.534878002449676023e+04 1.486632379547947676e+04
6.747544053110689742e-03 2.077366627488589074e+04 2.002925524014061375e+04 1.932498669818840062e+04 1.865841236372955245e+04 1.802685708291385890e+04 1.742739147389265781e+04 1.685821638582434025e+04 1.631738406189266061e+04 1.580264406820124896e+04 1.531232472109194350e+04
7.067181273927488835e-03 2.128298374100219371e+04 2.053236778463462542e+04 1.982133985686185406e+04 1.914785500881838379e+04 1.850926132558434256e+04 1.790303285941179638e+04 1.732681971529177099e+04 1.677889051339995422e+04 1.625698567920038295e+04 1.575944818918270721e+04
7.401959996915636469e-03 2.178375934142513506e+04 2.102786628500732331e+04 2.031090919685190238e+04 1.963155821175326128e+04 1.898695858486631187e+04 1.837497509189475022e+04 1.779258889669046039e+04 1.723837597567282501e+04 1.671006777220896038e+04 1.620602211267550956e+04
7.752597488629456302e-03 2.227459397164827897e+04 2.151367089743006363e+04 2.079198220286010110e+04 2.010789754506244935e+04 1.945849152976087862e+04 1.884148576192187829e+04 1.825384883822225311e+04 1.769422538404472289e+04 1.716032987176875395e+04 1.665053984904562094e+04
8.119844993184008319e-03 2.275351725467326469e+04 2.198836241675881320e+04 2.126305111952600782e+04 2.057526993055330968e+04 1.992208576299984270e+04 1.930076278307623943e+04 1.870885267013947305e+04 1.814475126678584274e+04 1.760614518263475111e+04 1.709143633684373708e+04
8.504489341802669994e-03 2.321816319000836302e+04 2.244993268437840015e+04 2.172194827283239283e+04 2.103149879191712535e+04 2.037554764444072498e+04 1.975093248817820495e+04 1.915577574792172163e+04 1.858817949271394900e+04 1.804579983254917533e+04 1.752705615265380402e+04
8.907354638610434638e-03 2.366613204132599276e+04 2.289587017677204858e+04 2.216619475244643399e+04 2.147417502231721301e+04 2.081655415292401813e+04 2.018992528706206576e+04 1.959261416069043116e+04 1.902257526856528057e+04 1.847743558639982439e+04 1.795561515803790826e+04
9.329304026284681098e-03 2.409500491631706973e+04 2.332358436070790412e+04 2.259324241813469780e+04 2.190078790892002144e+04 2.124266900007298682e+04 2.061534326377012985e+04 2.001703747234652110e+04 1.944568511479540030e+04 1.889887550439918414e+04 1.837501950411114740e+04
9.771241535346487581e-03 2.450226296397309852e+04 2.373043365288321365e+04 2.300048051343078259e+04 2.230873968782103111e+04 2.165133793579332632e+04 2.102462976403420180e+04 2.042655347448793691e+04 1.985509092599811993e+04 1.930777183477646395e+04 1.878299557142343838e+04
1.023411402105452346e-02 2.488528172445551900e+04 2.411372093678506644e+04 2.338516322085122010e+04 2.269527465018183284e+04 2.203982288658730249e+04 2.141500892524484516e+04 2.081844495566042315e+04 2.024814588501484104e+04 1.970155574115023046e+04 1.917706721427241064e+04
1.071891319205127251e-02 2.524140432467894425e+04 2.447070083357437397e+04 2.374443746388701038e+04 2.305752775105935871e+04 2.240528408677019615e+04 2.178360164275321949e+04 2.118987888622712489e+04 2.062207408393478909e+04 2.007751889585765093e+04 1.955461075488617280e+04
1.122667773510812282e-02 2.556795393356981731e+04 2.479856526432651299e+04 2.407537369775961633e+04 2.339252304469565570e+04 2.274471303897489634e+04 2.212743299420240874e+04 2.153790678375874631e+04 2.097396383188658001e+04 2.043280364202905912e+04 1.991281618645961498e+04
1.175849554052155882e-02 2.586221665474298788e+04 2.509437179050897248e+04 2.437497727492416016e+04 2.369720275628352465e+04 2.305502360799645976e+04 2.244346143697871958e+04 2.185950146565298928e+04 2.130081095550331156e+04 2.076444466591747914e+04 2.024872752860383844e+04
1.231550603292825077e-02 2.612135755872764639e+04 2.535515887092904450e+04 2.464017348666416001e+04 2.396839133351560668e+04 2.333296060526293513e+04 2.272841695462398275e+04 2.215140140307347610e+04 2.159938577436591731e+04 2.106925780933538772e+04 2.055921780942646365e+04
1.289890261253307316e-02 2.634257479543095906e+04 2.557788961362500049e+04 2.486775662620721050e+04 2.420278942114582605e+04 2.357520845407366505e+04 2.297892922267504764e+04 2.241022104022703570e+04 2.186631479843049601e+04 2.134388924404346835e+04 2.084100351694461278e+04
1.350993521198025869e-02 2.652312310418033303e+04 2.575957478058545894e+04 2.505454659326581896e+04 2.439708410625752367e+04 2.377834232450405034e+04 2.319151504464061145e+04 2.263245038256516273e+04 2.209808727336986340e+04 2.158484715526410946e+04 2.109064726030221937e+04
1.414991297434575052e-02 2.666036641203123872e+04 2.589726163092512070e+04 2.519737184741047531e+04 2.454793141961395304e+04 2.393891230555176298e+04 2.336265513025975815e+04 2.281451564159943155e+04 2.229109240343698548e+04 2.178850816922688318e+04 2.130451280329480142e+04
1.482020705798856725e-02 2.675174900438728946e+04 2.598812459160997241e+04 2.529317602739380163e+04 2.465207560117007597e+04 2.405348706087089522e+04 2.348881094453500918e+04 2.295280570605304092e+04 2.244167283156103076e+04 2.195119605358138142e+04 2.147891240654025751e+04
1.552225357427046079e-02 2.679488529617810491e+04 2.602946694771487819e+04 2.533897096179707296e+04 2.470631382850575756e+04 2.411869487109680267e+04 2.356645935776939223e+04 2.304368632350476400e+04 2.254611211992116296e+04 2.206913525034757185e+04 2.161003685732514350e+04
1.625755666443793115e-02 2.678762759496547733e+04 2.601879966640510247e+04 2.533198803011742712e+04 2.470764739878653563e+04 2.413131494839413426e+04 2.359220339807216442e+04 2.308362548921951020e+04 2.260077740069351785e+04 2.213861964707795414e+04 2.169413434171138215e+04
1.702769172225897937e-02 2.672810925517451324e+04 2.595392657710882486e+04 2.526970505685346143e+04 2.465325099859408510e+04 2.408827829130405735e+04 2.356276682319340762e+04 2.306916447594797864e+04 2.260206079779424181e+04 2.215592316211588331e+04 2.172738665191022665e+04
1.783430876931907730e-02 2.661484521894166028e+04 2.583299389426506241e+04 2.514995013923354054e+04 2.454064492769153003e+04 2.398684651759983899e+04 2.347517540317066596e+04 2.299712217263133425e+04 2.254660697165637248e+04 2.211754658431286225e+04 2.170617381102417130e+04
1.867913599020781107e-02 2.644675710762859671e+04 2.565462084179144222e+04 2.497100390835224607e+04 2.436776660485213142e+04 2.382462542191855391e+04 2.332674325884629798e+04 2.286455807374811411e+04 2.243125034581854197e+04 2.202013084243117191e+04 2.162698036069453519e+04
1.956398343517061489e-02 2.622330175101106943e+04 2.541796307556534884e+04 2.473164922200345973e+04 2.413306361920430936e+04 2.359973894976054362e+04 2.311528468823399817e+04 2.266900676899273458e+04 2.225327098738503992e+04 2.186072740676018293e+04 2.148665962293317716e+04
2.049074689815845104e-02 2.594451699501624171e+04 2.512279748317001940e+04 2.443137078803436088e+04 2.383565811680123079e+04 2.331092858736573180e+04 2.283917746406124934e+04 2.240850521081040642e+04 2.201039499693065227e+04 2.163678377944764725e+04 2.128241075176775485e+04
2.146141197858402599e-02 2.561110003314718051e+04 2.476967825922515476e+04 2.407035945805112715e+04 2.347536034506214128e+04 2.295763405497158965e+04 2.249749584427103400e+04 2.208177039823483938e+04 2.170100163852751211e+04 2.134636407263568981e+04 2.101199855955049497e+04
2.247805833548724430e-02 2.522455724021077913e+04 2.435989021878003405e+04 2.364972389188798479e+04 2.305295576309882381e+04 2.254025605805110172e+04 2.209021944466034984e+04 2.168836814510164186e+04 2.132425626571340763e+04 2.098825987263555726e+04 2.067387232108602984e+04
2.354286414322414797e-02 2.478709744957545627e+04 2.389583178082152881e+04 2.317153791164339418e+04 2.257014574100736718e+04 2.206006722326561066e+04 2.161821456405701247e+04 2.122875375375296790e+04 2.088020089388116321e+04 2.056211194310464634e+04 2.026729364370360781e+04
2.465811075822601020e-02 2.430198154346124647e+04 2.338063325765581612e+04 2.263890116741862585e+04 2.202982088994443984e+04 2.151965000180524657e+04 2.108363039240732542e+04 2.070460971816689198e+04 2.037004908212299415e+04 2.006867232087950106e+04 1.979257199902369030e+04
2.582618760682674555e-02 2.377309577746336436e+04 2.281875252684141014e+04 2.205618939500078341e+04 2.143604835069046021e+04 2.092264492717598841e+04 2.048970351926739022e+04 2.011873258235782851e+04 1.979614611185577087e+04 1.950982592877369098e+04 1.925112847277335823e+04
2.704959730463131831e-02 2.320550702620284210e+04 2.221532505290561676e+04 2.142869754207385631e+04 2.079408650463299637e+04 2.027414516431685843e+04 1.984115271594087972e+04 1.947539002618628729e+04 1.916226928165762001e+04 1.888884179257439246e+04 1.864572046709172719e+04
2.833096101839321923e-02 2.260475129250559621e+04 2.157701135841834548e+04 2.076323955284275144e+04 2.011061593838693807e+04 1.958048422555497382e+04 1.914397409833340498e+04 1.878019222200071817e+04 1.847358845891294914e+04 1.821042124905409946e+04 1.798056725768328397e+04
2.967302408188867563e-02 2.197752926653309987e+04 2.091104352735964494e+04 2.006724451577627406e+04 1.939326725025211272e+04 1.884935236515066936e+04 1.840563278270038427e+04 1.804024289559101453e+04 1.773676124834749862e+04 1.748072381059399413e+04 1.726130572702804056e+04
3.107866187782009487e-02 2.133077007144310119e+04 2.022539648235846471e+04 1.934977131382723019e+04 1.865134083837237631e+04 1.808995152132832300e+04 1.763515195981031138e+04 1.726428574342530192e+04 1.696016967066125289e+04 1.670770424320681559e+04 1.649541428048096350e+04
3.255088599835054969e-02 2.067184343133214134e+04 1.952830310300250130e+04 1.861998287813630304e+04 1.789437916968734135e+04 1.731204605981926579e+04 1.684230542346444781e+04 1.646194271124932129e+04 1.615317074812055034e+04 1.590036623454258370e+04 1.569147937382497730e+04
3.409285069746810504e-02 2.000805116249800631e+04 1.882934766843062607e+04 1.788797197464527562e+04 1.713308708424395081e+04 1.652662403147413352e+04 1.603821483200685179e+04 1.564435370124297151e+04 1.532680903350613153e+04 1.506956459794370858e+04 1.486007472614075050e+04
3.570785964900458770e-02 1.934715723262649772e+04 1.813907532123157216e+04 1.716351804295872353e+04 1.637793233675002375e+04 1.574472409280401371e+04 1.523423028957952192e+04 1.482297181776737852e+04 1.449250115149503654e+04 1.422658317056846136e+04 1.401228846829042777e+04
3.739937302478793524e-02 1.869683448952670005e+04 1.746451783040722876e+04 1.645713426671310663e+04 1.564099648106155655e+04 1.497939577227835980e+04 1.444387083140649702e+04 1.401149840355804190e+04 1.366393172542910543e+04 1.338493261985285790e+04 1.316133759097386246e+04
3.917101490809256348e-02 1.806162542155696065e+04 1.680839859445815455e+04 1.577872461884004770e+04 1.493312869175238302e+04 1.424201317878084592e+04 1.367901671557722511e+04 1.322222197657553261e+04 1.285367101791260211e+04 1.255734582057140688e+04 1.232001294565988064e+04
4.102658105827187290e-02 1.744316890183876967e+04 1.617657533308115853e+04 1.513475394295271690e+04 1.426131032234629856e+04 1.354051975309732552e+04 1.294881264678501248e+04 1.246549893546219027e+04 1.207317924679160024e+04 1.175622751767788759e+04 1.150144577146483607e+04
4.297004704320836477e-02 1.684539640555283768e+04 1.558264100344064536e+04 1.452915151113158754e+04 1.363061212110717861e+04 1.288140203528945858e+04 1.226100801938456607e+04 1.175020006381711937e+04 1.133236964660795820e+04 1.099248543489982694e+04 1.071750287569853754e+04
4.500557675700495031e-02 1.627571919293261999e+04 1.503511523661381216e+04 1.396755305381416474e+04 1.305016581971544474e+04 1.227593609513070805e+04 1.162785303871213546e+04 1.108887204373001441e+04 1.064377964678329408e+04 1.027848643730995900e+04 9.980374289749326636e+03
4.713753134116717425e-02 1.573473444944908988e+04 1.452639856532429258e+04 1.345734934174189766e+04 1.253028968109781090e+04 1.173560542348649506e+04 1.106126837952218375e+04 1.049353214185410434e+04 1.001928144384927145e+04 9.625808822239818255e+03 9.301310097385243353e+03
4.937047852838997303e-02 1.520910413608916679e+04 1.404647821083341660e+04 1.299658344565511470e+04 1.206899731339549726e+04 1.126006371873590251e+04 1.056330273402646526e+04 9.968630544138961341e+03 9.465392437124450225e+03 9.042669955612711419e+03 8.689720757479004533e+03
5.170920242896753782e-02 1.468748862089615068e+04 1.358643819817518852e+04 1.257210896377455174e+04 1.165584253105784774e+04 1.084248618984940549e+04 1.013067164698066335e+04 9.514058969540385078e+03 8.984829437035677984e+03 8.534331572507877354e+03 8.153049429621947638e+03
5.415871378079464143e-02 1.416600763284754248e+04 1.313812654903373914e+04 1.217207639887854202e+04 1.128106949865408933e+04 1.047514400514463341e+04 9.757557438460189587e+03 9.126013909664527091e+03 8.575826269744313322e+03 8.100871990395165085e+03 7.693223110699708741e+03
5.672426068491971674e-02 1.364124768150301861e+04 1.269357378212931508e+04 1.178643604717440394e+04 1.093490036937388868e+04 1.014899951498312475e+04 9.436252841140125383e+03 8.798371874936645327e+03 8.233869250497453322e+03 7.739214853290246538e+03 7.308580371434667541e+03
5.941133984965028120e-02 1.310808655983729295e+04 1.224382391946570351e+04 1.140532330300087597e+04 1.060437709852369517e+04 9.850866729595032666e+03 9.155240600895787793e+03 8.521326065085999289e+03 7.950711142381517675e+03 7.442842434336185761e+03 6.994192108428264874e+03
6.222570836730220711e-02 1.255830107393304388e+04 1.177803611712522252e+04 1.101650915772894950e+04 1.027551607157673061e+04 9.566659601925483003e+03 8.900447855248272390e+03 8.281934384093825429e+03 7.715330940519737851e+03 7.202657612094298202e+03 6.742610166230590039e+03
6.517339604882416149e-02 1.198283851252814929e+04 1.128223735852526079e+04 1.060196396248285782e+04 9.932801948721471490e+03 9.280665872044497519e+03 8.655264357904192366e+03 8.064204207471892005e+03 7.513466619052546775e+03 7.006190628882357487e+03 6.543048790547910357e+03
6.826071834272381955e-02 1.137971356150579777e+04 1.074604095599986249e+04 1.014554131181009143e+04 9.555009425014712178e+03 8.971260191916420808e+03 8.400717162249788089e+03 7.850409407068877044e+03 7.327166619550766882e+03 6.836281288718228097e+03 6.380652692565286998e+03
7.149428986597573810e-02 1.075657637307389450e+04 1.016899845060293956e+04 9.637918973578802252e+03 9.125026004788633145e+03 8.617056358712230576e+03 8.113661900258915011e+03 7.617844905928422122e+03 7.135538301337104713e+03 6.673820425165601591e+03 6.237308277927508243e+03
7.488103857590013013e-02 1.013022329189072116e+04 9.562703715152658333e+03 9.081327084791855668e+03 8.636392583711580301e+03 8.202944783096771062e+03 7.772381040640608262e+03 7.342056968063026943e+03 6.914838963171770047e+03 6.496677956198824177e+03 6.091571923316646462e+03
7.842822061337671735e-02 9.521313107650155871e+03 8.948393060724856696e+03 8.491823963690350865e+03 8.095699932264768904e+03 7.726035000056168428e+03 7.365647542042581335e+03 7.004763941522911409e+03 6.641363179008009865e+03 6.278588110693955969e+03 5.918870741836199159e+03
8.214343584919420183e-02 8.947202187373271954e+03 8.350674124029359518e+03 7.894163900895175175e+03 7.522934212929844762e+03 7.198155769249609875e+03 6.895934743904495917e+03 6.599601501116820145e+03 6.301359383770147360e+03 6.000228702836532648e+03 5.695793956395563328e+03
8.603464416684492022e-02 8.419063352139104609e+03 7.790857854651607340e+03 7.315154021302806541e+03 6.945328876729053263e+03 6.642628696910084727e+03 6.379643456508474628e+03 6.134560653917544187e+03 5.894255461825502607e+03 5.653290705445088861e+03 5.407422429020345589e+03
9.011018251665010859e-02 7.943465628691020356e+03 7.285474966239890819e+03 6.779159549427306047e+03 6.391443771978460973e+03 6.088511475126005280e+03 5.842884916163364323e+03 5.630088930964829160e+03 5.433164182567736134e+03 5.242922985884339141e+03 5.051324319299226772e+03
9.437878277775374469e-02 7.524582636309335612e+03 6.847286006738614560e+03 6.307194227451877850e+03 5.888575173831622124e+03 5.566514133549477265e+03 5.316932256742259597e+03 5.115292520581697318e+03 4.942715837230476609e+03 4.787590360912113283e+03 4.638827080357582417e+03
9.884959046625570178e-02 7.159115359472310956e+03 6.482438493882251350e+03 5.914671983850744255e+03 5.459874522701710703e+03 5.105396572488399215e+03 4.833775921676228791e+03 4.622985274973631931e+03 4.454281555049160488e+03 4.315188560371001586e+03 4.192758273103075226e+03
1.035321843295661098e-01 6.830293949095925200e+03 6.182451300547013489e+03 5.605552503298739794e+03 5.119957876422857225e+03 4.728094936278563182e+03 4.422310734111298189e+03 4.185760768995209219e+03 4.002009218839421919e+03 3.859359277516785369e+03 3.744379960115472386e+03
1.084365968689609272e-01 6.510887054915518092e+03 5.922055792539164941e+03 5.365027716913566110e+03 4.867193485925627101e+03 4.444748619626127038e+03 4.102031154031113147e+03 3.830101983343290158e+03 3.617157715193847253e+03 3.454087990301652098e+03 3.328455639513982078e+03
1.135733358343103683e-01 6.177738865976788475e+03 5.667052749964754184e+03 5.161165857652869818e+03 4.679957263520560446e+03 4.246525572324426321e+03 3.876108391629204561e+03 3.569270214551987920e+03 3.320995868888629047e+03 3.126698304072132487e+03 2.976472930876250302e+03
1.189534067370318221e-01 5.822740105294431487e+03 5.388786117951384767e+03 4.955563077454377890e+03 4.521629446507110515e+03 4.105708796156601238e+03 3.728378448567853411e+03 3.398504367360609194e+03 3.118865223084424997e+03 2.891046691841467691e+03 2.709227578958348204e+03
1.245883364295006790e-01 5.454408798830568230e+03 5.075289253468867173e+03 4.716924727685955986e+03 4.351466466377606594e+03 3.982202152646374543e+03 3.625990373864204230e+03 3.295013371214842664e+03 2.998386563584368560e+03 2.744329480386554678e+03 2.532302664306731458e+03
1.304901978014400554e-01 5.091705856557658990e+03 4.734792502835263804e+03 4.432475948370617516e+03 4.137864078552212959e+03 3.834300745742759318e+03 3.526261764673476137e+03 3.221554745164406995e+03 2.930923172578736285e+03 2.667294983774736465e+03 2.435347074847943077e+03
1.366716356462004955e-01 4.753936125726286264e+03 4.390386353881686773e+03 4.112713133076886152e+03 3.870755375204312713e+03 3.632967073115972653e+03 3.388432726012676085e+03 3.134032089816587359e+03 2.875574194466502831e+03 2.626018027846686437e+03 2.392845943180273025e+03
1.431458937523477637e-01 4.454986101188125758e+03 4.069508394100565965e+03 3.785545119256062208e+03 3.565453637314416937e+03 3.374006919913216279e+03 3.189101373737554241e+03 2.995312954734445157e+03 2.788835041113102761e+03 2.577263608113927603e+03 2.366380522322887373e+03
1.499268432786043104e-01 4.202155579011731788e+03 3.797224298894511321e+03 3.486549265915072738e+03 3.256293056520073151e+03 3.079848093336971488e+03 2.932491018927808454e+03 2.790502256574177409e+03 2.640251690212632639e+03 2.481021139624128864e+03 2.312707399236839592e+03
1.570290124729375181e-01 3.985238181790483850e+03 3.584287527542519456e+03 3.247321325167070881e+03 2.986114037831704081e+03 2.792804019167295792e+03 2.650524309311138495e+03 2.534756023360901963e+03 2.426165146698318949e+03 2.316635429404744627e+03 2.198661042157060820e+03
1.644676177994662258e-01 3.778000934711924856e+03 3.411758971584824849e+03 3.073719447969433077e+03 2.785260362739523316e+03 2.558548796790656525e+03 2.392510532401970522e+03 2.270609719066298112e+03 2.174939281567692888e+03 2.094613968854243922e+03 2.016847692761474264e+03
1.722585965398783781e-01 3.565763025898013439e+03 3.247224341428715434e+03 2.939074858288784071e+03 2.649496996039451460e+03 2.398386153027987802e+03 2.199406123898425449e+03 2.048885925107650564e+03 1.936954959837379192e+03 1.856247227499578230e+03 1.793704828920195496e+03
1.804186409392069812e-01 3.348058969771625470e+03 3.069340747805295450e+03 2.807970925823069138e+03 2.547146034149503521e+03 2.298005589260173565e+03 2.079629877522388142e+03 1.899045208382341343e+03 1.756686178742752645e+03 1.652803651357703984e+03 1.578737186856017615e+03
1.889652339691207938e-01 3.134723331143258747e+03 2.872182544045805571e+03 2.652496727612148334e+03 2.438545215511196147e+03 2.220832297009145805e+03 2.010397882934306153e+03 1.817235228518193026e+03 1.649721241984887456e+03 1.516589555810363663e+03 1.415975442212274402e+03
1.979166867853553724e-01 2.943958530830466771e+03 2.675265274622234301e+03 2.469820739426971613e+03 2.294398516612935509e+03 2.122945076454273021e+03 1.948416652860355498e+03 1.771452353168218224e+03 1.600426507908363646e+03 1.449487258229165263e+03 1.323588138386560559e+03
2.072921779595368330e-01 2.778245539586064751e+03 2.503679990598771383e+03 2.288595354352033610e+03 2.122312042566155469e+03 1.982648378681006761e+03 1.851169385673029637e+03 1.713314774649800938e+03 1.567053712133887984e+03 1.423389645647151156e+03 1.289548572834702554e+03
2.171117945694501505e-01 2.628965181935636792e+03 2.363841528330267465e+03 2.137378317908494864e+03 1.957385974652675714e+03 1.819657066752057290e+03 1.710894082546794380e+03 1.609871316068130000e+03 1.502778293332900148e+03 1.390350228787651531e+03 1.274168055731123786e+03
2.273965752357926251e-01 2.484946148797255773e+03 2.243814574337557588e+03 2.023234980728758956e+03 1.829694230824466104e+03 1.674267911876267590e+03 1.558967211233588159e+03 1.469557271775841855e+03 1.390012053897818532e+03 1.313040659809471435e+03 1.230915332141858016e+03
2.381685551976154835e-01 2.342342468923593060e+03 2.124386189340466899e+03 1.927813886962222114e+03 1.740563080463171673e+03 1.572715395026608121e+03 1.437713399872594664e+03 1.334131786301925786e+03 1.254223085716741480e+03 1.192657028543547085e+03 1.137849739826766154e+03
2.494508135230313339e-01 2.207428738785793030e+03 1.998754843978740382e+03 1.826051316844611392e+03 1.664075609611703840e+03 1.506173500157288572e+03 1.362884533719420915e+03 1.240604041042525978e+03 1.141911874535552670e+03 1.069843737454694519e+03 1.017377352459520239e+03
2.612675225563326209e-01 2.086009223854521224e+03 1.878792022392822901e+03 1.712964494383919828e+03 1.572684365092058442e+03 1.441188115813299873e+03 1.313566999743010683e+03 1.190018062466598167e+03 1.077040281113123456e+03 9.856530738913659206e+02 9.164742957832421553e+02
2.736439997074666675e-01 1.975557337543702715e+03 1.774502624610517842e+03 1.606108534429483598e+03 1.469003864440687266e+03 1.354703752017587249e+03 1.252482209302773299e+03 1.149767004032363047e+03 1.044238336760427273e+03 9.463728948923694588e+02 8.617367461028627531e+02
2.866067616948247965e-01 1.870931191282226564e+03 1.683461511525294327e+03 1.518409637311144934e+03 1.375410628423645676e+03 1.259248295289536600e+03 1.167832461197158864e+03 1.086739773254532338e+03 1.004451066077202199e+03 9.219500552495510419e+02 8.404378701481189182e+02
3.001835813575586265e-01 1.771241102356293368e+03 1.595478580230637135e+03 1.443811725559060505e+03 1.304245342982351076e+03 1.180877395138521024e+03 1.082401721549175363e+03 1.004081697278254182e+03 9.364952413898020041e+02 8.756121374367176031e+02 8.143344591941922772e+02
3.144035471591494768e-01 1.678683971156327289e+03 1.509035933155804969e+03 1.368737872261080838e+03 1.242878436667316009e+03 1.125088417558019273e+03 1.020902907492374652e+03 9.325730408329707188e+02 8.600049832448999041e+02 8.044513432489872002e+02 7.583688611095620900e+02
3.292971255097142946e-01 1.593570538844356861e+03 1.429489569037230922e+03 1.292557124048676087e+03 1.176470469606747884e+03 1.072814815216600891e+03 9.776063378848915590e+02 8.876323365347953995e+02 8.056405561524584300e+02 7.402806529162279503e+02 6.905984227879216633e+02
3.448962260405754598e-01 1.513780034769811436e+03 1.358017861738632519e+03 1.224439116036048517e+03 1.109003328495801497e+03 1.011790459322520974e+03 9.296348983323092625e+02 8.518460935532663143e+02 7.740142797058232418e+02 7.034704362736374605e+02 6.435353442346290649e+02
3.612342699709426008e-01 1.438745120574005114e+03 1.290717404445013244e+03 1.164737406363674154e+03 1.051606038625078781e+03 9.528516548505058381e+02 8.727990737103926904e+02 8.046173477437649808e+02 7.399125043725621254e+02 6.789198350967933493e+02 6.205137144129643048e+02
3.783462617131921335e-01 1.368928784221121759e+03 1.226535691497911330e+03 1.107348151621474926e+03 1.001878659213564106e+03 9.059028178174220329e+02 8.232888351690386344e+02 7.530774282561274049e+02 6.925797931235026681e+02 6.421571295819101124e+02 5.958114680337355367e+02
3.962688638701473698e-01 1.303771345441559788e+03 1.167228693632311888e+03 1.051861168321783680e+03 9.518751495182042390e+02 8.636661049831942591e+02 7.856521082042642092e+02 7.139853840498456066e+02 6.491816641451032410e+02 5.972731420533874598e+02 5.558184970691556828e+02
4.150404757850468807e-01 1.242631577487545201e+03 1.112195144743148376e+03 1.001451352677018008e+03 9.037182552980124228e+02 8.191054740456845593e+02 7.480206219254141615e+02 6.829599489470490425e+02 6.197659699750845448e+02 5.643159489265702859e+02 5.180573564235529602e+02
4.347013158125022092e-01 1.185380274306578713e+03 1.060214679184571423e+03 9.547451809814450598e+02 8.611382391803309702e+02 7.777647549743942363e+02 7.079824685328015903e+02 6.477069479364614608e+02 5.917252000676190846e+02 5.413550454722338827e+02 4.950482599200841491e+02
4.552935074866943932e-01 1.131687913820882613e+03 1.011543183338698782e+03 9.101028879765001420e+02 8.211431375760937499e+02 7.419775307362693866e+02 6.734425649172045496e+02 6.126936251771819570e+02 5.583743514004780764e+02 5.133640032999072673e+02 4.738356522389945553e+02
4.768611697714462139e-01 1.081198599824958592e+03 9.659811341727219087e+02 8.685096071882157958e+02 7.824886832321262773e+02 7.070729620243400859e+02 6.429167583605200207e+02 5.845008855801612526e+02 5.295397633967431830e+02 4.834808496957251691e+02 4.456964886590984634e+02
4.994505115855137345e-01 1.033678910099072255e+03 9.230032194994041674e+02 8.296139296745940328e+02 7.469381090499340416e+02 6.736021090324788929e+02 6.118498462257587107e+02 5.574006471406243008e+02 5.061159394374903968e+02 4.609680723908061850e+02 4.215479014874607628e+02
5.231099308056256225e-01 9.888478008389142815e+02 8.825346873808521195e+02 7.927303941130844578e+02 7.135100373215211675e+02 6.432885867226428900e+02 5.831770071250099363e+02 5.298225032594497179e+02 4.811125753075936018e+02 4.398806857971706563e+02 4.034417969557358674e+02
5.478901179593932413e-01 9.464663846878486311e+02 8.443197192498324739e+02 7.580494157285639858e+02 6.816813146042695735e+02 6.142569141568490068e+02 5.570935829782662267e+02 5.056477180130131046e+02 4.574688454507203232e+02 4.169500587922078125e+02 3.830145730864502411e+02
5.738441648302390341e-01 9.063176949438434349e+02 8.081360527881739699e+02 7.252375322840659919e+02 6.518683855186619667e+02 5.867587805297874866e+02 5.315971863692267334e+02 4.826985002789907639e+02 4.369864298493933461e+02 3.974648355319342841e+02 3.633324796411313287e+02
6.010276782070375079e-01 8.681935214466845991e+02 7.738217208185814115e+02 6.941150388097942141e+02 6.235349053073773575e+02 5.610397922779117152e+02 5.078884614474474120e+02 4.603816308994867086e+02 4.164169867440418784e+02 3.792875880742127492e+02 3.471250386573875062e+02
6.294988990221875858e-01 8.319120123184292197e+02 7.411890328834698494e+02 6.645762978174361706e+02 5.966638341348576660e+02 5.364525839953346349e+02 4.854765343012436460e+02 4.399568392143378333e+02 3.972706313079763163e+02 3.610017426784581289e+02 3.303076279909788582e+02
6.593188271333542128e-01 7.972969020857557325e+02 7.100923124840487617e+02 6.364417153204566375e+02 5.711332900294793262e+02 5.131976636258128792e+02 4.640527732933608718e+02 4.202523145249614345e+02 3.794361167804669321e+02 3.446664406756405015e+02 3.146729407969146450e+02
6.905513520162318564e-01 7.641944369827922401e+02 6.803855727243344518e+02 6.095907474400083856e+02 5.467647945857621608e+02 4.910392410447605016e+02 4.438197534987226618e+02 4.016228988984149737e+02 3.622137741100397079e+02 3.288695855232438703e+02 3.003934575634423254e+02
7.232633896483522395e-01 7.324565689592358240e+02 6.519368018991605140e+02 5.839079744058960841e+02 5.234992403749424739e+02 4.698987172969759740e+02 4.245251064718335101e+02 3.839959766872087812e+02 3.460354414233760281e+02 3.137912758180870014e+02 2.862856380265273515e+02
7.575250258771908385e-01 7.019539751128639864e+02 6.246292176820003306e+02 5.592855438206815961e+02 5.012325246805809797e+02 4.496907078824187352e+02 4.060545594937997862e+02 3.670858329777508970e+02 3.305809983410605923e+02 2.995767575141393877e+02 2.731153496590528675e+02
7.934096665797480963e-01 6.725719807456217723e+02 5.983589166434235267e+02 5.356272802330779541e+02 4.798677285684287881e+02 4.303304014792914245e+02 3.883735081203957407e+02 3.509028737539015879e+02 3.158195854563665534e+02 2.860869479297221574e+02 2.607740492349477677e+02
8.309941949353377710e-01 6.442091626437235163e+02 5.730337665286652964e+02 5.128482540342005223e+02 4.593222833663976985e+02 4.117437920262016746e+02 3.714377091152051662e+02 3.354342656579733557e+02 3.017263518896091341e+02 2.731982180377218583e+02 2.489418634565843433e+02
8.703591361485154554e-01 6.167762895977807602e+02 5.485729329362279714e+02 4.908749726821174022e+02 4.395294475811385269e+02 3.938679544996620052e+02 3.551847644232511811e+02 3.206202255060975403e+02 2.882467794834565780e+02 2.608624648287914169e+02 2.375805069190986387e+02
9.115888299750808388e-01 5.901956081499866968e+02 5.249058607433273664e+02 4.696429047384334012e+02 4.204307751123096182e+02 3.766472597531989095e+02 3.395566424434432520e+02 3.064022141256094187e+02 2.753286272422059255e+02 2.490432738886350421e+02 2.266820738906001509e+02
9.547716114208039118e-01 5.643997314717470317e+02 5.019709005964903099e+02 4.490953501675031134e+02 4.019746321716893931e+02 3.600323903422757894e+02 3.245019580099636300e+02 2.927284148708814087e+02 2.629254364865877278e+02 2.377076240068588220e+02 2.162376212806521778e+02
9.999999999999991118e-01 5.393306927055143660e+02 4.797145854959508142e+02 4.291828210783529016e+02 3.841156732878955040e+02 3.439798544561330118e+02 3.099755064829097932e+02 2.795532767306548863e+02 2.509961017514827688e+02 2.268255345691335947e+02 2.062369332851685044e+02
