# # First row is parameter values (first value is 99.0)
# # Second row is sigma_8 (first value is 99.0)
# # First column is k (Mpc/h), second column is P(k,z =0)
# # parmeter being varied is om
# # model type = fiducial
9.900000000000000000e+01 1.000000000000000056e-01 2.000000000000000111e-01 3.000000000000000444e-01 4.000000000000000222e-01 5.000000000000000000e-01 5.999999999999999778e-01 7.000000000000000666e-01 8.000000000000000444e-01 9.000000000000000222e-01 1.000000000000000000e+00
9.900000000000000000e+01 4.092820213633396320e-01 6.977894173108920572e-01 9.061241385717437868e-01 1.059663932216730498e+00 1.175557888549500829e+00 1.263281336119632892e+00 1.329722298779520084e+00 1.381118409581737039e+00 1.421959329984669118e+00 1.453395267339794072e+00
1.000000000000000048e-04 1.319568990360927046e+03 6.041072675609030966e+02 3.583506058496124069e+02 2.414540067618700618e+02 1.755981520296982126e+02 1.343931884232570155e+02 1.066939615557928676e+02 8.707374172533410217e+01 7.261054369179879586e+01 6.160820366835347528e+01
1.047370897959449686e-04 1.379410621905187327e+03 6.315333731940214648e+02 3.746250432956084069e+02 2.524212527415263594e+02 1.835747780688249122e+02 1.404983397032744108e+02 1.115409617643769025e+02 9.102949134177998758e+01 7.590929317511773888e+01 6.440713330292280148e+01
1.096985797892383675e-04 1.441954755509931829e+03 6.602025170521395694e+02 3.916378937432041880e+02 2.638863637809395186e+02 1.919135644288860760e+02 1.468807548289306624e+02 1.166080987794231447e+02 9.516491830915965977e+01 7.935787865086801673e+01 6.733320534233612875e+01
1.148951000187309178e-04 1.507321988569493215e+03 6.901707312720907339e+02 4.094225611175599511e+02 2.758719004072798953e+02 2.006309467897501122e+02 1.535530026488744397e+02 1.219053630783355828e+02 9.948817324119904981e+01 8.296309848782000529e+01 7.039219249092371911e+01
1.203377840777589472e-04 1.575638014217541468e+03 7.214965356959997962e+02 4.280139592156886579e+02 2.884014113477210230e+02 2.097441236184136812e+02 1.605282291337116760e+02 1.274432079903411079e+02 1.040077805311047570e+02 8.673207574587071633e+01 7.359012971394336944e+01
1.260382929679727457e-04 1.647033648979598411e+03 7.542410281087522890e+02 4.474485645872592272e+02 3.014995217821050346e+02 2.192710466305590558e+02 1.678201876076688563e+02 1.332325558158622414e+02 1.087326627809542430e+02 9.067225178597286117e+01 7.693332723989523458e+01
1.320088400831417777e-04 1.721645261507566147e+03 7.884680102598142639e+02 4.677644620671125040e+02 3.151920111234784372e+02 2.292304613643289599e+02 1.754432475447693776e+02 1.392848069183113182e+02 1.136721448395062879e+02 9.479139010221865647e+01 8.042838165711498277e+01
1.382622173764655948e-04 1.799614950873918815e+03 8.242440814629361512e+02 4.890014364147962169e+02 3.295058101581063283e+02 2.396419475702180080e+02 1.834124126953039138e+02 1.456118772888619048e+02 1.188359583849581611e+02 9.909760548455479068e+01 8.408218529909584049e+01
1.448118227674533498e-04 1.881090805017071943e+03 8.616387762138241442e+02 5.112010475401630174e+02 3.444689882260001923e+02 2.505259567607685653e+02 1.917433644151290650e+02 1.522262336313445701e+02 1.242342723564421050e+02 1.035993869956198665e+02 8.790194125613628273e+01
1.516716888470922740e-04 1.966226971484504020e+03 9.007246596707561821e+02 5.344067120797914185e+02 3.601108653128819128e+02 2.619038873527755982e+02 2.004524977830672299e+02 1.591409102106136118e+02 1.298777182194015154e+02 1.083056107344206254e+02 9.189517884387778679e+01
1.588565129428052810e-04 2.055183968422843009e+03 9.415774691935064311e+02 5.586637813138790989e+02 3.764621302430807646e+02 2.737981410552947636e+02 2.095569518071562243e+02 1.663695319325427420e+02 1.357774106457144114e+02 1.132255596850138772e+02 9.606976857305414796e+01
1.663816886076128847e-04 2.148128578382089472e+03 9.842761560538936010e+02 5.840196252197951026e+02 3.935548678230333621e+02 2.862321055685269471e+02 2.190746496674240973e+02 1.739263388520456601e+02 1.419449796376536597e+02 1.183689377695723692e+02 1.004339430087211724e+02
1.742633386009649968e-04 2.245234271277545304e+03 1.028903062721326478e+03 6.105236697958152945e+02 4.114225688012471664e+02 2.992301588631257232e+02 2.290243224745611599e+02 1.818261957890737506e+02 1.483925868461227537e+02 1.237458760852272945e+02 1.049963140202420675e+02
1.825183494319043405e-04 2.346681265407607953e+03 1.075544150080871077e+03 6.382274914992360664e+02 4.301002036760586975e+02 3.128177757422298555e+02 2.394255085258298834e+02 1.900846286412870825e+02 1.551329250234153392e+02 1.293669586191380745e+02 1.097658761442837516e+02
1.911644075385702070e-04 2.452656859441432516e+03 1.124289142616934896e+03 6.671849597829451568e+02 4.496242784455661763e+02 3.270216121663117406e+02 2.502986114298345797e+02 1.987178826979476867e+02 1.621792468360275734e+02 1.352432545638268380e+02 1.147520169947026858e+02
2.002200371815584276e-04 2.563355549657135271e+03 1.175231476145995202e+03 6.974523407293278296e+02 4.700329047859518710e+02 3.418695257266074350e+02 2.616649916582359765e+02 2.077429522692158912e+02 1.695454145240549337e+02 1.413863383547883075e+02 1.199645520193812303e+02
2.097046401323232167e-04 2.678979266514873416e+03 1.228468387600538563e+03 7.290883495198756918e+02 4.913659072250034683e+02 3.573906030238447329e+02 2.735469965132766106e+02 2.171775787403646234e+02 1.772459285758302769e+02 1.478083060112383862e+02 1.254137541306569972e+02
2.196385372416545924e-04 2.799737380191725151e+03 1.284101217944690006e+03 7.621542141188965616e+02 5.136649042414961741e+02 3.736152256635828053e+02 2.859679383609412753e+02 2.270402781110828982e+02 1.852959395400096412e+02 1.545217983842633203e+02 1.311103611342003603e+02
2.300430119772917776e-04 2.925846735631399042e+03 1.342235550957550004e+03 7.967138216840199902e+02 5.369733450270712183e+02 3.905751185041963254e+02 2.989521361196427733e+02 2.373504077636012539e+02 1.937112733980586654e+02 1.615400243573405135e+02 1.370655850840953747e+02
2.409403560239524868e-04 3.057531885219580090e+03 1.402981412421279629e+03 8.328337968449610571e+02 5.613365645544744211e+02 4.083034152436982254e+02 3.125250129461595634e+02 2.481282137642384100e+02 2.025084679228272648e+02 1.688767849192676920e+02 1.432911416427852487e+02
2.523539170434766117e-04 3.195024814205539769e+03 1.466453401202200439e+03 8.705836488094681727e+02 5.868018809680351069e+02 4.268347170248549105e+02 3.267131547378323830e+02 2.593948482484296960e+02 2.117048035712702756e+02 1.765465015122642285e+02 1.497992771576285236e+02
2.643081486974104954e-04 3.338565621991293938e+03 1.532770813284061205e+03 9.100358634122111425e+02 6.134186470526072981e+02 4.462051579375872166e+02 3.415443297994464729e+02 2.711723961330487214e+02 2.213183329671685442e+02 1.845642421792896926e+02 1.566027916418278494e+02
2.768286630392065599e-04 3.488402277762705580e+03 1.602057481692948159e+03 9.512660330585225665e+02 6.412383749989654689e+02 4.664524563897670646e+02 3.570475265640121734e+02 2.834839254891949167e+02 2.313679030780690766e+02 1.929457552589460363e+02 1.637150634418612469e+02
2.899422853882876647e-04 3.644791005408227647e+03 1.674442172462629742e+03 9.943528481320403216e+02 6.703148301765489805e+02 4.876159807272959483e+02 3.732530151953708355e+02 2.963535193276001678e+02 2.418732072763856706e+02 2.017075042565105321e+02 1.711500747261048616e+02
3.036771118035457777e-04 3.807995359208602622e+03 1.750058578324915970e+03 1.039378287595935262e+03 7.007041226374382177e+02 5.097368321170667969e+02 3.901923847857315195e+02 3.098063377833509549e+02 2.528548428907148491e+02 2.108666906891753854e+02 1.789224305030285791e+02
3.180625692794118915e-04 3.978287024810793355e+03 1.829045653251561134e+03 1.086427766949113220e+03 7.324647492224193002e+02 5.328579149497743401e+02 4.078986269541919114e+02 3.238686941982971348e+02 2.643343348735301106e+02 2.204412688724219720e+02 1.870473854955578759e+02
3.331294787934673180e-04 4.155944841276043007e+03 1.911547886753995499e+03 1.135590280588641235e+03 7.656577152342429144e+02 5.570240112593800177e+02 4.264062192647213010e+02 3.385680823394179129e+02 2.763341460043690745e+02 2.304499941909110987e+02 1.955408772894555511e+02
3.489101213406771624e-04 4.341255538823582356e+03 1.997715453170656019e+03 1.186958473672816581e+03 8.003465654410973684e+02 5.822818436578656929e+02 4.457511635700706734e+02 3.539331530778125625e+02 2.888777309277459722e+02 2.409124727567075865e+02 2.044195553899015181e+02
3.654383070957255785e-04 4.534513305404889252e+03 2.087703555779237377e+03 1.240628758722576777e+03 8.365975123731102485e+02 6.086801479104224200e+02 4.659709621595176827e+02 3.699937932144086403e+02 3.019895845678091746e+02 2.518491924078529394e+02 2.137008236640074301e+02
3.827494478516312048e-04 4.736020019263826725e+03 2.181672595219255072e+03 1.296701382722350900e+03 8.744795954744489563e+02 6.362696777800268819e+02 4.871047314935684653e+02 3.867812429981883042e+02 3.156952891947455555e+02 2.632815408446680863e+02 2.234028857595323529e+02
4.008806328898464845e-04 4.946083988883618076e+03 2.279789129981997121e+03 1.355280433310600529e+03 9.140647935470207130e+02 6.651033764462578119e+02 5.091933729728650064e+02 4.043281504933411270e+02 3.300215592025624005e+02 2.752318505737956684e+02 2.335447532619757283e+02
4.198707084443908553e-04 5.165019810131944723e+03 2.382226135500386590e+03 1.416474177755353821e+03 9.554280359027598024e+02 6.952365463184461305e+02 5.322796260352844229e+02 4.226685819392450298e+02 3.449962903542115100e+02 2.877234470697484312e+02 2.441462375080581637e+02
4.397603609302718668e-04 5.393148276496525796e+03 2.489162332501182846e+03 1.480395178566868481e+03 9.986472519560677483e+02 7.267268838087724134e+02 5.564079747772274231e+02 4.418380749478330927e+02 3.606486145236089556e+02 3.007806921588151567e+02 2.552280237882327754e+02
4.605922041145105693e-04 5.630795639182360901e+03 2.600781620190521153e+03 1.547160414226034163e+03 1.043803594843945120e+03 7.596343548393045921e+02 5.816247133267739855e+02 4.618736996198438192e+02 3.770089523405021055e+02 3.144290183809291648e+02 2.668117452089462631e+02
4.824108704165368721e-04 5.878293758970869021e+03 2.717274109865796163e+03 1.616891123376868791e+03 1.090981538731376077e+03 7.940213712238413564e+02 6.079781780591378038e+02 4.828141028356632773e+02 3.941090280015245639e+02 3.286949708683879408e+02 2.789200077729174723e+02
5.052631065335679277e-04 6.135978790692527582e+03 2.838836212479104233e+03 1.689713145892422062e+03 1.140268957028288469e+03 8.299530129330281625e+02 6.355188602215521314e+02 5.046996109155113572e+02 4.119818799250347752e+02 3.436062621684545775e+02 2.915763966576127473e+02
5.291978735958440157e-04 6.404191144410432571e+03 2.965670672089107484e+03 1.765756864460490533e+03 1.191757013216112227e+03 8.674971280051653366e+02 6.642993704877417258e+02 5.275723000421548932e+02 4.306620162726426884e+02 3.591918170621799504e+02 3.048055269482122753e+02
5.542664520663104742e-04 6.683272791634217356e+03 3.097985764479886257e+03 1.845157471110147071e+03 1.245540500637552441e+03 9.067243188559253895e+02 6.943744403482438656e+02 5.514760698743190233e+02 4.501855557773730538e+02 3.754818301578455362e+02 3.186331067756584048e+02
5.805225516094897299e-04 6.973568476976241982e+03 3.235995924826551800e+03 1.928054886399537736e+03 1.301718050717287497e+03 9.477080215166486141e+02 7.258010993014928545e+02 5.764567080227299130e+02 4.705901788805965111e+02 3.925078133968750080e+02 3.330859845441568723e+02
6.080224261649421489e-04 7.275423290896841536e+03 3.379921136073081925e+03 2.014593966043994669e+03 1.360392203208473802e+03 9.905246530415454345e+02 7.586387441692055518e+02 6.025619444291925220e+02 4.919150180395152461e+02 4.103026480751167355e+02 3.481921674891427188e+02
6.368249944718586218e-04 7.589182790884011411e+03 3.529987379499493727e+03 2.104924548464207419e+03 1.421669101536595917e+03 1.035253680570731831e+03 7.929492528765439374e+02 6.298413727950205612e+02 5.142008519709870598e+02 4.289006047375579556e+02 3.639808551297156782e+02
6.669919663030119154e-04 7.915187550075774197e+03 3.686426173794162423e+03 2.199201541706023818e+03 1.485658779409400040e+03 1.081977711754202346e+03 8.287970286917877729e+02 6.583466420120619205e+02 5.374902869518825810e+02 4.483374290189861995e+02 3.804825191305023964e+02
6.985879746785244931e-04 8.253774504680273822e+03 3.849474740369969368e+03 2.297584843356632973e+03 1.552475458626652880e+03 1.130782450252727585e+03 8.662491190100200811e+02 6.881317056758819035e+02 5.618277892317599935e+02 4.686503873396958966e+02 3.977289544060541857e+02
7.316807143427194859e-04 8.605273873788280980e+03 4.019375310000724767e+03 2.400239160452106717e+03 1.622237672875425233e+03 1.181756974038805765e+03 9.053751846243226282e+02 7.192528528826744605e+02 5.872596689349128383e+02 4.898783469734190703e+02 4.157533382510595175e+02
7.663410868007456550e-04 8.970008701187351107e+03 4.196374950390120830e+03 2.507334417523711636e+03 1.695068012660693739e+03 1.234993837234952025e+03 9.462476665771540638e+02 7.517685174513070478e+02 6.138341697293594734e+02 5.120618584167236804e+02 4.345902797498295058e+02
8.026433522257172539e-04 9.348289372636852931e+03 4.380724754898064930e+03 2.619045543661451120e+03 1.771093113646992379e+03 1.290589183557176511e+03 9.889418998761217381e+02 7.857393920283841453e+02 6.416014928842722611e+02 5.352432151305160914e+02 4.542758732370479606e+02
8.406652885618322952e-04 9.740411702932135086e+03 4.572678899389587059e+03 2.735552700010565331e+03 1.850444046112812657e+03 1.348642642764070160e+03 1.033536223741781441e+03 8.212287028922823993e+02 6.706138750670544368e+02 5.594664123527751372e+02 4.748476873486232535e+02
8.804883581643459635e-04 1.014665379546472832e+04 4.772495353263276229e+03 2.857040675223165181e+03 1.933256340848458876e+03 1.409257533392837558e+03 1.080111960498266853e+03 8.583023144616438458e+02 7.009256986300946437e+02 5.847772257897985355e+02 4.963448716518957440e+02
9.221978823334323712e-04 1.056727141590958126e+04 4.980434814701598953e+03 2.983699278678649534e+03 2.019670032969101385e+03 1.472540638986652084e+03 1.128753502206333224e+03 8.970286660000588199e+02 7.325935619885959795e+02 6.112233629114709856e+02 5.188082578743260456e+02
9.658832241158701306e-04 1.100249788709217137e+04 5.196760175113025980e+03 3.115722254897541006e+03 2.109829354108832831e+03 1.538602452322217687e+03 1.179548434687081226e+03 9.374787701680288592e+02 7.656763972699504848e+02 6.388545412428611598e+02 5.422804203134144245e+02
1.011637979766206877e-03 1.145253740265557644e+04 5.421733228706940281e+03 3.253307897413626051e+03 2.203883067941172612e+03 1.607557470742367741e+03 1.232587584991521453e+03 9.797264592952701605e+02 8.002355548819375599e+02 6.677225133674949120e+02 5.668056565474121271e+02
1.059560179277615295e-03 1.191756499948470628e+04 5.655616158227525375e+03 3.396658541657036949e+03 2.301983997970481596e+03 1.679524295580105900e+03 1.287965107865431264e+03 1.023848485517035215e+03 8.363348151642223911e+02 6.978811065897980370e+02 5.924300543267277135e+02
1.109752496412071696e-03 1.239771648766966791e+04 5.898668355604030694e+03 3.545980678099981105e+03 2.404289423408488801e+03 1.754625316661796887e+03 1.345778419456923302e+03 1.069924516480473130e+03 8.740403203833311636e+02 7.293863162235109030e+02 6.192016193808694879e+02
1.162322468679852228e-03 1.289309288228537298e+04 6.151147491045359857e+03 3.701483513223649879e+03 2.510960450958359615e+03 1.832986634698274884e+03 1.406128435669152623e+03 1.118036911997118750e+03 9.134207877679821195e+02 7.622963162285287808e+02 6.471703475407218775e+02
1.217382727739660777e-03 1.340375647007589032e+04 6.413306340624298173e+03 3.863378712577855822e+03 2.622162390370608591e+03 1.914738229474084392e+03 1.469119504932634982e+03 1.168271076962747202e+03 9.545475143401401965e+02 7.966716016172143782e+02 6.763882404522200886e+02
1.275051240713012809e-03 1.392972636727503595e+04 6.685393106502722731e+03 4.031880513151459127e+03 2.738064177151828972e+03 2.000013713613599975e+03 1.534859575536007242e+03 1.220715579126820785e+03 9.974945455363351812e+02 8.325750171783649876e+02 7.069092954528597375e+02
1.335451562929898311e-03 1.447095646319953630e+04 6.967647448661894487e+03 4.207204943552264922e+03 2.858838539436279916e+03 2.088950663565425657e+03 1.603459897001749141e+03 1.275462239086790305e+03 1.042338733256772457e+03 8.700718630789318695e+02 7.387896678044464807e+02
1.398713102647237494e-03 1.502734142141192933e+04 7.260300144708993685e+03 4.389569324818469795e+03 2.984661541807806771e+03 2.181690303806678003e+03 1.675035323102381881e+03 1.332605925690359754e+03 1.089159817486779730e+03 9.092298243418281345e+02 7.720877116502995250e+02
1.464971398307285183e-03 1.559871500216696768e+04 7.563570820893249220e+03 4.579190243151238064e+03 3.115712410671686030e+03 2.278377714882843065e+03 1.749704040867548656e+03 1.392244734572939933e+03 1.138040125556528892e+03 9.501191485097798477e+02 8.068640820544529788e+02
1.534368408930011527e-03 1.618484775827173871e+04 7.877666114150534668e+03 4.776284399918747113e+03 3.252172887766982967e+03 2.379161081771606405e+03 1.827587807058385351e+03 1.454479774093305423e+03 1.189064785316452571e+03 9.928126911406689032e+02 8.431817170254705616e+02
1.607052818261638658e-03 1.678544153575002201e+04 8.202776459980950676e+03 4.981066282170253544e+03 3.394226385928019226e+03 2.484192131367235561e+03 1.908811693882908003e+03 1.519415288063197977e+03 1.242321974836283516e+03 1.037386014335240361e+03 8.811059545514774527e+02
1.683180353330956123e-03 1.740012551877613078e+04 8.539071833754847830e+03 5.193748763419189345e+03 3.542058643818138535e+03 2.593625221843835789e+03 1.993504199544311405e+03 1.587158790978488014e+03 1.297902995128186376e+03 1.083917195401417985e+03 9.207043909337702416e+02
1.762914118095946624e-03 1.802845031003386975e+04 8.886703456363011355e+03 5.414539841639281804e+03 3.695856858540447320e+03 2.707617781445699620e+03 2.081796890552072909e+03 1.657821080007528280e+03 1.355901960151735238e+03 1.132486940514369962e+03 9.620470397631873993e+02
1.846424942895543049e-03 1.866988169054479295e+04 9.245799911757205336e+03 5.643643358494540735e+03 3.855809464055977060e+03 2.826329850679856463e+03 2.173824308265639047e+03 1.731516010133162581e+03 1.416415724445845854e+03 1.183178672771909760e+03 1.005206437785403864e+03
1.933891750455229942e-03 1.932379859707464129e+04 9.616465468266327662e+03 5.881255475223211761e+03 4.022103834282907883e+03 2.949924111956383967e+03 2.269724039780207477e+03 1.808360204429634223e+03 1.479544155290448316e+03 1.236078567164229526e+03 1.050257715967881722e+03
2.025501939230665762e-03 1.998948483491269508e+04 9.998772033634790205e+03 6.127564895372731371e+03 4.194927232820176869e+03 3.078564747662855552e+03 2.369636409534200084e+03 1.888473438015899092e+03 1.545390045066685616e+03 1.291275597215127164e+03 1.097278490885300471e+03
2.121451784910629440e-03 2.066613088852886722e+04 1.039276165100734943e+04 6.382750600730264523e+03 4.374464662452373886e+03 3.212417153966317983e+03 2.473704428399710196e+03 1.971978391896458788e+03 1.614059142435472722e+03 1.348861481430507638e+03 1.146348821932461988e+03
2.221946860939522182e-03 2.135282658800725403e+04 1.079844148513661457e+04 6.646980810852222021e+03 4.560899432430060187e+03 3.351647964464361849e+03 2.582073026805162954e+03 2.059000723102645225e+03 1.685659772337848835e+03 1.408930756608820730e+03 1.197551467252874772e+03
2.327202478960407363e-03 2.204855929011362969e+04 1.121578309274184357e+04 6.920411181534323987e+03 4.754410958903313258e+03 3.496424371151380910e+03 2.694889544769549502e+03 2.149668354989135878e+03 1.760303211353189681e+03 1.471580574189590834e+03 1.250971882970851766e+03
2.437444150122219325e-03 2.275219590763194719e+04 1.164471373384003346e+04 7.203182460158447611e+03 4.955174737640231797e+03 3.646912960572291922e+03 2.812303029926580621e+03 2.244111666823069754e+03 1.838103444508295297e+03 1.536910643467475438e+03 1.306697996471236593e+03
2.552908068239516035e-03 2.346249432624276596e+04 1.208511647345964229e+04 7.495417807128558707e+03 5.163358718325219343e+03 3.803277339268701780e+03 2.934463964653673884e+03 2.342461814719702943e+03 1.919177092535147949e+03 1.605022304437454522e+03 1.364819371709856341e+03
2.673841615839946031e-03 2.417810692539534648e+04 1.253682343078402118e+04 7.797217315662440342e+03 5.379123034223826835e+03 3.965682006457488569e+03 3.061521208315507010e+03 2.444852232070253649e+03 2.003641785893947372e+03 1.676020057064452203e+03 1.425428540655388360e+03
2.800503894183629678e-03 2.489757769605478461e+04 1.299961439478138891e+04 8.108664224384257977e+03 5.602625146510699778e+03 4.134295854473273721e+03 3.193624378687984972e+03 2.551422688827068214e+03 2.091617486319068121e+03 1.750014424842163635e+03 1.488623415839059817e+03
2.933166278390042427e-03 2.561931556506659399e+04 1.347321785809577705e+04 8.429828566282803877e+03 5.834019624127051429e+03 4.309281139880336923e+03 3.330929217172498284e+03 2.662316286502588810e+03 2.183230211199424957e+03 1.827118151740282656e+03 1.554504489526921134e+03
3.072112998861756435e-03 2.634160476744483094e+04 1.395730766066453907e+04 8.760749546218097748e+03 6.073431710924176514e+03 4.490764138992059088e+03 3.473593217087850007e+03 2.777658750722211607e+03 2.278609682078506466e+03 1.907431134008831350e+03 1.623162592985182528e+03
3.217641750250735053e-03 2.706264137195605508e+04 1.445146853954831204e+04 9.101388095129743306e+03 6.320937370890546845e+03 4.678869110642940541e+03 3.621748250615598863e+03 2.897563165835111249e+03 2.377871067959980792e+03 1.991051030487892376e+03 1.694685844718439739e+03
3.370064329271926437e-03 2.778053302313141467e+04 1.495517288750783700e+04 9.451676861504316548e+03 6.576648855432433265e+03 4.873830221577674820e+03 3.775507679767777063e+03 3.022202783682406789e+03 2.481118153872562289e+03 2.078130404359414570e+03 1.769205774596463243e+03
3.529707302730648259e-03 2.849317081389967643e+04 1.546788901862167040e+04 9.811681853566375139e+03 6.840816476063529990e+03 5.075908111910614025e+03 3.935061418775275797e+03 3.151820245312725547e+03 2.588509314732244547e+03 2.168857927382601702e+03 1.846890969761605447e+03
3.696912707195024878e-03 2.919818900269640653e+04 1.598917992405755831e+04 1.018148833211289639e+04 7.113560145897013172e+03 5.284931499121893467e+03 4.100684487301458830e+03 3.286465889132681696e+03 2.700269881390347564e+03 2.263239485045425681e+03 1.927777206727625526e+03
3.872038781812552587e-03 2.989331413503009753e+04 1.651836023269741054e+04 1.056053708304230713e+04 7.394331572648502515e+03 5.500440396130045883e+03 4.272393351534610701e+03 3.425854360815003020e+03 2.816454951895208978e+03 2.361088766780396327e+03 2.011716084753028326e+03
4.055460735840826954e-03 3.057659269313214099e+04 1.705391547950684253e+04 1.094778415157444579e+04 7.682705850092323999e+03 5.723393239555902255e+03 4.449768897059269875e+03 3.570252572334445631e+03 2.936804463273554575e+03 2.462818083794184986e+03 2.098954983072325376e+03
4.247571552536896777e-03 3.124580718950435039e+04 1.759455553710934328e+04 1.134409245319859474e+04 7.980719918188858173e+03 5.956292428230644873e+03 4.633120775010166653e+03 3.721399551024976063e+03 3.061546309410262893e+03 2.569779789545976655e+03 2.190605546638439137e+03
4.448782831127581772e-03 3.189793502187213016e+04 1.814176751969920588e+04 1.175264394229500067e+04 8.290803695085907748e+03 6.197103204279424972e+03 4.824655021590249817e+03 3.879637073132069872e+03 3.192284919406023619e+03 2.681530000212139839e+03 2.286785430819594694e+03
4.659525668664678613e-03 3.252926092654508102e+04 1.869688567432043419e+04 1.217070167285621937e+04 8.606298438304287629e+03 6.436201718876123778e+03 5.024720720891546989e+03 4.039102242934980040e+03 3.329413454452199403e+03 2.793389700578747579e+03 2.383885367502202826e+03
4.880251583654427253e-03 3.313396641569647181e+04 1.925048656968905925e+04 1.258427586844545294e+04 8.914783423103899622e+03 6.669955771294522492e+03 5.225643708983035140e+03 4.194283147855529933e+03 3.467564410034970479e+03 2.902658521817157180e+03 2.478694060246610206e+03
5.111433483440164932e-03 3.370636172812392761e+04 1.978815136512791651e+04 1.298627502527570141e+04 9.219440916046271013e+03 6.911736819740908686e+03 5.420276907973458037e+03 4.352261657462688163e+03 3.601538591917461417e+03 3.015787375109844561e+03 2.575663324034685047e+03
5.353566677410721841e-03 3.424658006859745365e+04 2.031439083469735124e+04 1.339431355276843715e+04 9.539251608525286429e+03 7.173357840088422563e+03 5.617754584257476381e+03 4.523844388558896753e+03 3.737776305628279260e+03 3.139703706946011607e+03 2.681399195531565056e+03
5.607169938205453820e-03 3.475687651243849541e+04 2.084867123961541438e+04 1.382588990659297451e+04 9.881638013373045396e+03 7.448881672733540654e+03 5.831937334122279935e+03 4.708137799210687263e+03 3.886369945631696737e+03 3.272161188540668263e+03 2.795440724170803151e+03
5.872786613189478859e-03 3.523396846394671593e+04 2.139515420469814126e+04 1.427333652449020337e+04 1.023526747877065827e+04 7.729272562962442862e+03 6.061563772310202694e+03 4.898091357903425887e+03 4.046647414416189349e+03 3.408386638000938092e+03 2.913559510701300042e+03
6.150985788580495481e-03 3.567113767164427554e+04 2.193945676785786782e+04 1.472272379615072168e+04 1.059153567003485841e+04 8.014205685142991570e+03 6.297447768691392412e+03 5.091712510459604346e+03 4.212077918504917761e+03 3.547970268818812201e+03 3.034509057792395652e+03
6.442363508721367545e-03 3.606359140274271340e+04 2.247186176765247728e+04 1.517171131935364429e+04 1.095232213714378668e+04 8.306255276453053739e+03 6.536905915666283363e+03 5.291053369582487903e+03 4.380769806953930129e+03 3.692462276007550372e+03 3.159600847029841589e+03
6.747544053110689742e-03 3.640839144800062058e+04 2.299288250276063627e+04 1.562302080499959993e+04 1.131999045601372018e+04 8.605653085913278119e+03 6.782466929633817927e+03 5.497010839164907338e+03 4.554648502719592216e+03 3.842271373204858264e+03 3.289516455852965919e+03
7.067181273927488835e-03 3.670204522674690088e+04 2.350282449528329380e+04 1.607641820276648650e+04 1.169349362422537524e+04 8.911355967763116496e+03 7.035194469795107580e+03 5.709012006623804155e+03 4.734589172665308070e+03 3.997022184438382283e+03 3.424000526573413026e+03
7.401959996915636469e-03 3.694024534897033300e+04 2.399896236085502460e+04 1.652955059145366613e+04 1.207116837793920240e+04 9.222771880798558414e+03 7.294269472619985208e+03 5.926663002593553756e+03 4.920092262622655653e+03 4.156595449512426967e+03 3.562877902063992678e+03
7.752597488629456302e-03 3.711876237593450787e+04 2.447817035740820575e+04 1.698063671515301394e+04 1.245232400904976748e+04 9.539675040287125739e+03 7.559060410869271436e+03 6.150026392797435619e+03 5.110822639794510906e+03 4.321140707390939497e+03 3.706276030956049453e+03
8.119844993184008319e-03 3.723354061543894932e+04 2.493778082457069104e+04 1.742857011719152797e+04 1.283651298338576817e+04 9.861714608670392408e+03 7.829463767706557519e+03 6.379126737951143696e+03 5.306875695649791851e+03 4.490736607250413726e+03 3.854319737114317377e+03
8.504489341802669994e-03 3.728073078434041236e+04 2.537513363276111340e+04 1.787196887582645286e+04 1.322283011404016906e+04 1.018838202659080707e+04 8.105336986305512255e+03 6.613810535122187503e+03 5.508315907650800909e+03 4.665346028247704453e+03 4.007019943716087710e+03
8.907354638610434638e-03 3.725663685708201228e+04 2.578716969382561365e+04 1.830899018913384498e+04 1.361010404603027200e+04 1.051908594980341149e+04 8.386353195642479477e+03 6.853874070050933369e+03 5.715044343007762109e+03 4.844923638485723131e+03 4.164361187007028093e+03
9.329304026284681098e-03 3.715772061106711044e+04 2.617066330618151915e+04 1.873767312209472584e+04 1.399723140673478156e+04 1.085314027579054164e+04 8.672116355672995269e+03 7.099089744967910519e+03 5.926920275254517946e+03 5.029439269891928234e+03 4.326345502027033035e+03
9.771241535346487581e-03 3.698000865275717661e+04 2.652231116592323815e+04 1.915598652678916187e+04 1.438314559173420821e+04 1.118981018831039546e+04 8.962168830269056343e+03 7.349194999274458496e+03 6.143790882540230086e+03 5.218836874646456636e+03 4.492967230400386143e+03
1.023411402105452346e-02 3.671979930051572592e+04 2.683878111632345463e+04 1.956179930112757938e+04 1.476659631502826596e+04 1.152834298688980016e+04 9.256003878991976308e+03 7.603882872009995481e+03 6.365476210463402822e+03 5.413006216976998076e+03 4.664175924110858432e+03
1.071891319205127251e-02 3.637368356383522769e+04 2.711665639173750242e+04 1.995281915400027719e+04 1.514612859685223157e+04 1.186790932118640922e+04 9.553088469116817578e+03 7.862804969706668089e+03 6.591757758862355331e+03 5.611807927212698814e+03 4.839889176520055116e+03
1.122667773510812282e-02 3.593880978118388157e+04 2.735249019479029084e+04 2.032665335867650356e+04 1.552017503668622339e+04 1.220752841690955211e+04 9.852840960875928431e+03 8.125575590873208057e+03 6.822381827009952758e+03 5.815082840715581369e+03 5.020016436836891444e+03
1.175849554052155882e-02 3.541250365531157149e+04 2.754272455873504441e+04 2.068075816677565672e+04 1.588704923910770594e+04 1.254612346059245101e+04 1.015457157122598619e+04 8.391766108554898892e+03 7.057061372730911899e+03 6.022645433792676158e+03 5.204454779601332120e+03
1.231550603292825077e-02 3.479266497880579846e+04 2.768370534955328912e+04 2.101250382033961068e+04 1.624497554701622721e+04 1.288251198601962096e+04 1.045750340580142620e+04 8.660869364449195928e+03 7.295472197918295024e+03 6.234277184202086573e+03 5.393059456501903696e+03
1.289890261253307316e-02 3.407782552647785633e+04 2.777185941638855002e+04 2.131913291345987091e+04 1.659208512035478634e+04 1.321542474393474004e+04 1.076077778411404870e+04 8.932305140720840427e+03 7.537227208793100544e+03 6.449725287997575833e+03 5.585638286977207827e+03
1.350993521198025869e-02 3.326735507875571784e+04 2.780369570952280992e+04 2.159781844589836692e+04 1.692641937381149546e+04 1.354349614027328244e+04 1.106345798906448545e+04 9.205427930784320779e+03 7.781880070367628832e+03 6.668683673536470451e+03 5.781975540171772082e+03
1.414991297434575052e-02 3.236157313561476622e+04 2.777592079433375693e+04 2.184564133734603820e+04 1.724587242678575785e+04 1.386527666562987542e+04 1.136452888242805602e+04 9.479525443875751080e+03 8.028928397708192279e+03 6.890797980967580770e+03 5.981837100835618003e+03
1.482020705798856725e-02 3.136178261151723564e+04 2.768537209431975498e+04 2.205962995118471736e+04 1.754825950966801975e+04 1.417921977609470378e+04 1.166289653902459031e+04 9.753818527677045495e+03 8.277812122694576829e+03 7.115665452626983097e+03 6.184950094193652149e+03
1.552225357427046079e-02 3.027071335843171983e+04 2.752925432915782221e+04 2.223682445398958589e+04 1.783129441678785224e+04 1.448369192378730804e+04 1.195738835256280254e+04 1.002745600084134821e+04 8.527914199292788908e+03 7.342834615718940768e+03 6.390983304523903826e+03
1.625755666443793115e-02 2.909244988459980596e+04 2.730511561645236361e+04 2.237429518294718946e+04 1.809264229633394643e+04 1.477696705878811918e+04 1.224674683191053009e+04 1.029952075991042148e+04 8.778556574160340460e+03 7.571803206684137876e+03 6.599561913297580759e+03
1.702769172225897937e-02 2.783282239166062209e+04 2.701105397731574340e+04 2.246921743793515998e+04 1.832991072760216412e+04 1.505722781589995066e+04 1.252963977736604829e+04 1.056902233970221641e+04 9.029002863714611522e+03 7.802015619151359715e+03 6.810259146767823040e+03
1.783430876931907730e-02 2.649935198513504292e+04 2.664577965841607147e+04 2.251887416646351630e+04 1.854069477629886387e+04 1.532260093507586862e+04 1.280464674792998630e+04 1.083490534065160682e+04 9.278451490789693707e+03 8.032864169297786248e+03 7.022604091263502596e+03
1.867913599020781107e-02 2.510143555217411995e+04 2.620873722984388587e+04 2.252077861998755179e+04 1.872260178662522594e+04 1.557116048472014518e+04 1.307028871553246427e+04 1.109603622655496110e+04 9.526042592131005222e+03 8.263684629078978105e+03 7.236082177107223288e+03
1.956398343517061489e-02 2.365067733204224351e+04 2.570031963837341027e+04 2.247272395042440985e+04 1.887328457208367035e+04 1.580095848808462870e+04 1.332502772662178540e+04 1.135122410282825149e+04 9.770848422467419368e+03 8.493759845296161075e+03 7.450135274609589942e+03
2.049074689815845104e-02 2.216026421290931103e+04 2.512185168368368250e+04 2.237286429541060352e+04 1.899050350625901774e+04 1.601003022179491927e+04 1.356728810194766083e+04 1.159922196491049908e+04 1.001188845767081875e+04 8.722312613350939500e+03 7.664150268532926020e+03
2.146141197858402599e-02 2.064571859402328118e+04 2.447593970730867295e+04 2.221985520640500545e+04 1.907216069102000984e+04 1.619643727359528566e+04 1.379546451937406164e+04 1.183873990520805819e+04 1.024813195011649805e+04 8.948517832375366197e+03 7.877462879897403582e+03
2.247805833548724430e-02 1.912345494911388596e+04 2.376634883447573884e+04 2.201285088515099778e+04 1.911637311486924591e+04 1.635830817677214327e+04 1.400794221240574916e+04 1.206845656432144278e+04 1.047850598029283901e+04 9.171505183236140510e+03 8.089364392830078032e+03
2.354286414322414797e-02 1.761222642757269205e+04 2.299831151235890138e+04 2.175177755281229838e+04 1.912154450906852435e+04 1.649385662023441910e+04 1.420313411691690999e+04 1.228702887812938206e+04 1.070190517627467307e+04 9.390364412190203439e+03 8.299103201410182010e+03
2.465811075822601020e-02 1.613070105542382589e+04 2.217847445107750900e+04 2.143722089188702375e+04 1.908640042518791961e+04 1.660146126680061570e+04 1.437948936269937622e+04 1.249312247683193345e+04 1.091719793925037811e+04 9.604153177169362607e+03 8.505891750601664171e+03
2.582618760682674555e-02 1.469806911743199998e+04 2.131481296701825704e+04 2.107076007339755233e+04 1.901015561816518675e+04 1.667966093034181176e+04 1.453555652803185512e+04 1.268541788455652750e+04 1.112325405468210556e+04 9.811901922234093945e+03 8.708911101152580159e+03
2.704959730463131831e-02 1.333223554990041157e+04 2.041693902965275629e+04 2.065482795930774955e+04 1.889244026232661417e+04 1.672730389718867809e+04 1.466998826631046722e+04 1.286265692109356860e+04 1.131894706237921673e+04 1.001264124697035732e+04 8.907319639644725612e+03
2.833096101839321923e-02 1.205134941524703936e+04 1.949528257682827825e+04 2.019297567596955923e+04 1.873361154785998224e+04 1.674350772414999301e+04 1.478160906120431173e+04 1.302365583094184331e+04 1.150319197503552823e+04 1.020539942780175261e+04 9.100269863889192493e+03
2.967302408188867563e-02 1.087302511861646235e+04 1.856207104994129986e+04 1.968987906179660786e+04 1.853452423343811824e+04 1.672778704041230594e+04 1.486943980660951456e+04 1.316734495210432033e+04 1.167495387897245018e+04 1.038923711905714117e+04 9.286908442331467086e+03
3.107866187782009487e-02 9.809459258888035038e+03 1.762935160306932084e+04 1.915104598931831788e+04 1.829697594388208381e+04 1.668003985474316505e+04 1.493277668634378279e+04 1.329281048053994346e+04 1.183330038582025372e+04 1.056324808919989300e+04 9.466414164680694739e+03
3.255088599835054969e-02 8.869281779132888914e+03 1.671031542283308954e+04 1.858312532534823185e+04 1.802334005859190438e+04 1.660076754669350339e+04 1.497128923783069877e+04 1.339932375157855677e+04 1.197743809818258524e+04 1.072661916839065452e+04 9.637986148068779585e+03
3.409285069746810504e-02 8.055915404899812529e+03 1.581722216951672635e+04 1.799345846337262992e+04 1.771694705789535146e+04 1.649115953966411689e+04 1.498489922209434735e+04 1.348646161440169453e+04 1.210667898657994192e+04 1.087864572475922614e+04 9.800923171419219216e+03
3.570785964900458770e-02 7.370394948408659729e+03 1.496342043373666638e+04 1.739120415194606903e+04 1.738176105674969585e+04 1.635268953732288901e+04 1.497389642452531371e+04 1.355398434199678195e+04 1.222049172872824056e+04 1.101871515731008185e+04 9.954582167639768159e+03
3.739937302478793524e-02 6.811463078116275938e+03 1.416048411499134090e+04 1.678498887001314506e+04 1.702268724476072384e+04 1.618714657311564042e+04 1.493903837920211663e+04 1.360195316207111318e+04 1.231861474390575677e+04 1.114634139743433298e+04 1.009842528656797549e+04
3.917101490809256348e-02 6.378800765980954566e+03 1.341583843473359411e+04 1.618213424180467700e+04 1.664541414355286906e+04 1.599735678458854454e+04 1.488227036833309103e+04 1.363075350862600862e+04 1.240140812663122233e+04 1.126129991747791246e+04 1.023200938108480477e+04
4.102658105827187290e-02 6.068753109544535619e+03 1.273436190333187187e+04 1.558953193874128374e+04 1.625567134277159857e+04 1.578872579321928788e+04 1.480580993570925420e+04 1.364174813950086536e+04 1.246936527877299341e+04 1.136387901328502994e+04 1.035522808532860108e+04
4.297004704320836477e-02 5.859529717262958911e+03 1.212318035897898699e+04 1.501713233309387033e+04 1.585925002514358312e+04 1.556617079499430474e+04 1.471173614996227298e+04 1.363660493593143474e+04 1.252288029755318530e+04 1.145445477028737514e+04 1.046830598941656899e+04
4.500557675700495031e-02 5.729137034726461025e+03 1.159019416300739977e+04 1.447499579083361641e+04 1.546200091445513317e+04 1.533111586588304453e+04 1.460215430610379735e+04 1.361684998003049805e+04 1.256252380484361311e+04 1.153333622383890361e+04 1.057149591566931485e+04
4.713753134116717425e-02 5.661450441753854648e+03 1.113048221968839971e+04 1.396925060944903998e+04 1.507030850676860064e+04 1.508482736029273292e+04 1.447970527838559246e+04 1.358401974274783424e+04 1.258993999500731843e+04 1.160104172540343097e+04 1.066504675937924912e+04
4.937047852838997303e-02 5.635322818872225980e+03 1.072909134019963494e+04 1.350315712684100254e+04 1.469020038042763917e+04 1.483357789739828877e+04 1.434734020335284549e+04 1.354030967993049126e+04 1.260721521568761636e+04 1.165902834934976454e+04 1.074956714395743256e+04
5.170920242896753782e-02 5.617022188722929968e+03 1.037418121165414414e+04 1.307529536390059002e+04 1.432750077923191566e+04 1.458514972953451797e+04 1.420910061018864508e+04 1.348834858902398446e+04 1.261634922318967983e+04 1.170908056840361678e+04 1.082642339683486716e+04
5.415871378079464143e-02 5.566840307326100628e+03 1.005472069750907394e+04 1.268075971067035061e+04 1.398639243885396718e+04 1.434470503919957991e+04 1.406973310454909370e+04 1.343131793467312127e+04 1.261932795284359963e+04 1.175301350621597885e+04 1.089716788482803167e+04
5.672426068491971674e-02 5.444380807566362819e+03 9.751617009681920536e+03 1.231205555343735068e+04 1.366594123739071620e+04 1.411562139324630516e+04 1.393358833899352794e+04 1.337288027104238063e+04 1.261875823204152221e+04 1.179271425897422705e+04 1.096350661106920961e+04
5.941133984965028120e-02 5.217549902508342711e+03 9.443312817641621223e+03 1.196019117716080109e+04 1.336311876438182117e+04 1.389925934793334454e+04 1.380456083045569540e+04 1.331673045387308048e+04 1.261776735474888483e+04 1.183059650624694950e+04 1.102729002949331698e+04
6.222570836730220711e-02 4.874545218071529234e+03 9.108077400131305694e+03 1.161473665872815764e+04 1.307238214109853652e+04 1.369531379853397266e+04 1.368509501760282728e+04 1.326658581284316642e+04 1.261966749231957874e+04 1.186944573591785047e+04 1.109083365761018649e+04
6.517339604882416149e-02 4.426414121982146753e+03 8.725315968188348052e+03 1.126360513653276757e+04 1.278691132810134513e+04 1.350086334967012044e+04 1.357585338147752736e+04 1.322520977814063917e+04 1.262796267799126144e+04 1.191233709067108794e+04 1.115669532859934407e+04
6.826071834272381955e-02 3.902241326228001981e+03 8.281428120417118407e+03 1.089313873432499167e+04 1.249855383948828785e+04 1.331133614308300821e+04 1.347566408709830648e+04 1.319387389872313179e+04 1.264543003971180406e+04 1.196260293784982423e+04 1.122785692800024299e+04
7.149428986597573810e-02 3.343578686554749765e+03 7.774426819220212565e+03 1.049121160818774115e+04 1.219809010038278575e+04 1.312067404061347770e+04 1.338161872440037041e+04 1.317246387286891695e+04 1.267376222746057465e+04 1.202296132359551302e+04 1.130753241925552902e+04
7.488103857590013013e-02 2.804367417926531289e+03 7.215287615460484631e+03 1.004737270206392350e+04 1.187546616896929118e+04 1.292190224587180637e+04 1.328931734779639555e+04 1.315929919146019893e+04 1.271348430116597046e+04 1.209537260261053780e+04 1.139836662462288587e+04
7.842822061337671735e-02 2.341485489508174396e+03 6.626734205800869859e+03 9.555447301549707845e+03 1.152019947451745611e+04 1.270714067117727427e+04 1.319334306962935625e+04 1.315132301808822194e+04 1.276384611343543838e+04 1.218078361698458320e+04 1.150252994381801182e+04
8.214343584919420183e-02 1.993861795942235631e+03 6.038344550029134552e+03 9.019105528291862356e+03 1.112376570718571747e+04 1.246762692937206521e+04 1.308731147241847793e+04 1.314442735978754536e+04 1.282283446698222542e+04 1.227916328307872936e+04 1.162125473657106522e+04
8.603464416684492022e-02 1.771501584558276818e+03 5.482992441331046393e+03 8.455317411537416774e+03 1.068303639831590226e+04 1.219491060471598030e+04 1.296402184301139278e+04 1.313353483173961467e+04 1.288747173822259538e+04 1.238932626053572130e+04 1.175505247133419107e+04
9.011018251665010859e-02 1.664558292050648106e+03 4.993785757775254751e+03 7.889446919914199498e+03 1.020411413508685837e+04 1.188283351729530477e+04 1.281593675392402474e+04 1.311276705288863923e+04 1.295384737875018254e+04 1.250924813444483698e+04 1.190340407419859912e+04
9.437878277775374469e-02 1.649476295344934897e+03 4.595857578870968609e+03 7.349269031232476664e+03 9.704296864007055774e+03 1.153064067868593884e+04 1.263630727948656750e+04 1.307570616344323935e+04 1.301728151836402685e+04 1.263605410104736256e+04 1.206506602591616320e+04
9.884959046625570178e-02 1.687358607073043459e+03 4.298500014730617295e+03 6.860442810147234923e+03 9.206910501209564245e+03 1.114601348340297227e+04 1.242178726797722629e+04 1.301612034256456354e+04 1.307251213891381303e+04 1.276614201658512684e+04 1.223805547891871902e+04
1.035321843295661098e-01 1.725701938852276271e+03 4.089767296647730291e+03 6.442594615475070896e+03 8.731712320443299177e+03 1.074523065146203407e+04 1.217537078807317266e+04 1.292994132527728107e+04 1.311422720603572634e+04 1.289533662891670429e+04 1.241970455411609510e+04
1.084365968689609272e-01 1.709446874247659025e+03 3.940521931999305252e+03 6.105296021384062442e+03 8.299053220719935780e+03 1.034859272908255480e+04 1.190788733993696223e+04 1.281790272354913395e+04 1.313860830309801531e+04 1.301934487113338218e+04 1.260682276754681880e+04
1.135733358343103683e-01 1.596728463898874907e+03 3.811880693350819456e+03 5.842506974305152653e+03 7.925388490415885826e+03 9.980480688377201659e+03 1.163662785552127207e+04 1.268749817280582829e+04 1.314562782623299972e+04 1.313504465341406103e+04 1.279615087739740738e+04
1.189534067370318221e-01 1.390190472123632389e+03 3.662633850134523982e+03 5.630885084031138831e+03 7.619076916898894524e+03 9.660370905649029737e+03 1.138152075241494094e+04 1.255272157009215152e+04 1.314099068336971322e+04 1.324248126964121184e+04 1.298544450034113834e+04
1.245883364295006790e-01 1.147919739874852212e+03 3.461859563639356566e+03 5.435833681407964832e+03 7.374143050258460789e+03 9.396373700224692584e+03 1.116022490717586334e+04 1.243108530391934801e+04 1.313640970785642094e+04 1.334670411757093461e+04 1.317528399932268076e+04
1.304901978014400554e-01 9.387493168392521738e+02 3.203704793577779128e+03 5.221838358695174975e+03 7.166028903792156598e+03 9.186729913830326041e+03 1.098516751138205473e+04 1.233927287033616631e+04 1.314718820385406980e+04 1.345798985835256099e+04 1.337060013071544563e+04
1.366716356462004955e-01 8.029761138449977125e+02 2.909869887469475543e+03 4.963223838226999760e+03 6.956793011801825742e+03 9.014916914114717656e+03 1.086363388669307278e+04 1.228897857807552828e+04 1.318814545708381775e+04 1.358973359468095623e+04 1.358082037117398249e+04
1.431458937523477637e-01 7.503719968094796968e+02 2.621240033821592078e+03 4.655108416545634100e+03 6.709437630179207190e+03 8.848530527649996657e+03 1.078501537094694686e+04 1.228401185672950851e+04 1.326959798928090640e+04 1.375472794237350172e+04 1.381776615167469026e+04
1.499268432786043104e-01 7.551411412775401004e+02 2.382624873711663440e+03 4.318510291394096384e+03 6.403767720648537761e+03 8.649011579428386540e+03 1.071594550903021081e+04 1.231443780159471498e+04 1.339397746286130860e+04 1.396124265059721074e+04 1.409204811410856200e+04
1.570290124729375181e-01 7.666432818826667699e+02 2.216101873675257593e+03 3.991694504959756614e+03 6.046824215089667632e+03 8.387587629978581390e+03 1.061301360954466872e+04 1.235880020501167564e+04 1.355152338594528737e+04 1.420968119949432185e+04 1.440953001130975827e+04
1.644676177994662258e-01 7.361974606091015403e+02 2.109485046575829529e+03 3.713942748678157386e+03 5.671730348128973674e+03 8.058289786354694115e+03 1.043909002676639284e+04 1.237824221229529576e+04 1.371665303082788887e+04 1.448871254657855206e+04 1.476800426827875162e+04
1.722585965398783781e-01 6.483932892255827483e+02 2.029547311016351614e+03 3.506596239186243110e+03 5.322142853004294921e+03 7.682964414000727629e+03 1.018131960838353734e+04 1.232732182317836305e+04 1.384899427249456130e+04 1.477187553052865769e+04 1.515383216017689665e+04
1.804186409392069812e-01 5.400189269258048625e+02 1.934468848367514966e+03 3.357296269109189325e+03 5.033340010660121152e+03 7.304734275315858213e+03 9.858931220666914669e+03 1.218379125587657472e+04 1.391774915449173386e+04 1.502020561491417175e+04 1.553930216614223355e+04
1.889652339691207938e-01 4.606427837747033891e+02 1.801734653020434735e+03 3.229149836572628828e+03 4.817301592327507933e+03 6.969629882723879746e+03 9.516539281410299736e+03 1.195955318361251739e+04 1.390041873681253674e+04 1.519578665968844689e+04 1.588641357205205713e+04
1.979166867853553724e-01 4.282481740999744488e+02 1.646955377042405644e+03 3.083899635635838422e+03 4.649482403514432008e+03 6.706227313459305151e+03 9.203880481320135004e+03 1.169739466372854804e+04 1.380131505589643348e+04 1.528453275443714301e+04 1.616091876553065049e+04
2.072921779595368330e-01 4.219063363746507775e+02 1.505224712585787984e+03 2.900715268410210683e+03 4.480712039972987441e+03 6.507091853036043176e+03 8.952047033895014465e+03 1.145181089956589312e+04 1.365699432496194459e+04 1.530828306619815339e+04 1.634940503201289175e+04
2.171117945694501505e-01 4.053803060146539110e+02 1.402156614839732129e+03 2.698478044313038936e+03 4.272526908775601441e+03 6.320559365498336774e+03 8.757655841640509607e+03 1.126027045665316837e+04 1.351645781880367213e+04 1.529198880893336718e+04 1.646972195076772186e+04
2.273965752357926251e-01 3.611802900026933685e+02 1.333066075568189945e+03 2.516691525504148103e+03 4.019475452102526560e+03 6.086045947889108902e+03 8.574896907408849074e+03 1.112076297914103270e+04 1.341460355591247935e+04 1.527697926714153618e+04 1.656931866786168030e+04
2.381685551976154835e-01 3.110003988862356437e+02 1.269492138875691353e+03 2.377464011483320974e+03 3.759255007018731703e+03 5.783739147100981427e+03 8.336905116120717139e+03 1.098308565089526019e+04 1.334904537045028701e+04 1.528609588961098962e+04 1.667463974881464674e+04
2.494508135230313339e-01 2.805874550626090240e+02 1.189930380453131420e+03 2.272199372372101607e+03 3.540079617924144713e+03 5.444993215617922033e+03 8.011898303183146709e+03 1.076929364482411984e+04 1.327063938405755107e+04 1.530633456125431439e+04 1.679384502097149016e+04
2.612675225563326209e-01 2.672506289801886510e+02 1.101480201759076181e+03 2.169785929868754465e+03 3.372617566565573270e+03 5.131978856918792189e+03 7.624366251354918859e+03 1.043927001236264550e+04 1.310012954052387977e+04 1.528469302972453261e+04 1.689818439536269216e+04
2.736439997074666675e-01 2.507245917368965991e+02 1.026010886875390042e+03 2.048896804308210903e+03 3.228593402909555607e+03 4.878369346634254725e+03 7.237293562063581703e+03 1.002595217142824004e+04 1.279209395388198755e+04 1.514843831003827472e+04 1.692568774207933166e+04
2.866067616948247965e-01 2.239310598957908098e+02 9.702761869322511075e+02 1.922456249610615032e+03 3.068824094813335250e+03 4.662142267892997552e+03 6.904569636109250496e+03 9.602207631353108809e+03 1.237877462871001080e+04 1.486420976135409364e+04 1.681007470151081725e+04
3.001835813575586265e-01 2.005399797826541430e+02 9.204927916144479241e+02 1.814082184335325564e+03 2.885566958194363451e+03 4.434461708434810134e+03 6.613817697336201491e+03 9.225240872447042420e+03 1.193750972268331861e+04 1.447063890807719326e+04 1.653762503607124745e+04
3.144035471591494768e-01 1.866199413866052055e+02 8.650844569263591666e+02 1.727777522446941020e+03 2.708555416292149403e+03 4.168449380288075190e+03 6.306475067218558252e+03 8.876751085407999199e+03 1.153103735285767834e+04 1.403870732963673072e+04 1.616128500143294696e+04
3.292971255097142946e-01 1.733495042133358197e+02 8.106811142044733742e+02 1.645882345140541702e+03 2.562535198669680994e+03 3.890163636859214421e+03 5.940030724540750271e+03 8.489945663781447365e+03 1.114076578262359908e+04 1.361688815776681804e+04 1.574673343460009892e+04
3.448962260405754598e-01 1.568411758713028519e+02 7.658018611838350580e+02 1.558233308023075779e+03 2.435590227196680189e+03 3.643518794567679379e+03 5.541766740329882850e+03 8.024724314874068114e+03 1.068866358877784296e+04 1.317871503526938432e+04 1.531913929642618859e+04
3.612342699709426008e-01 1.432388949417984350e+02 7.263040005410730373e+02 1.474592895629384202e+03 2.303262653531116939e+03 3.428868335362748439e+03 5.170355874212911658e+03 7.511547859124893876e+03 1.012984027969749695e+04 1.265325126210817871e+04 1.483159441495504507e+04
3.783462617131921335e-01 1.327847533993360116e+02 6.861249153799728902e+02 1.403155435783814710e+03 2.166663704426061486e+03 3.213065423304481101e+03 4.835175653001874707e+03 7.012261734088221601e+03 9.504480791144149407e+03 1.200956384215973776e+04 1.422116565078534768e+04
3.962688638701473698e-01 1.216800030655067104e+02 6.483235611550278463e+02 1.337071284107373003e+03 2.043073075669366290e+03 2.985279459428706559e+03 4.496250768560385040e+03 6.542967404485302723e+03 8.886952704380217256e+03 1.129122857491169998e+04 1.348580370916735592e+04
4.150404757850468807e-01 1.114695739812180335e+02 6.152334765641088552e+02 1.270941414247832199e+03 1.933835255348595410e+03 2.768935221974500109e+03 4.137064817882435818e+03 6.064740987334200327e+03 8.289095325749498443e+03 1.056434951967809320e+04 1.268469269801592600e+04
4.347013158125022092e-01 1.029814671108431270e+02 5.838447893077000117e+02 1.209314009660006377e+03 1.826365288575157820e+03 2.574642791963270156e+03 3.784909405115237405e+03 5.556534310911095417e+03 7.662452880114245090e+03 9.836413682131049427e+03 1.186642690231009692e+04
4.552935074866943932e-01 9.471508531437959277e+01 5.538511495961718083e+02 1.153573085262373752e+03 1.721469637418812908e+03 2.388569789995944575e+03 3.459578245054286526e+03 5.047749787302452205e+03 6.995983057096405901e+03 9.066265121032301977e+03 1.101658545973010405e+04
4.768611697714462139e-01 8.726945166787628239e+01 5.265418157007276250e+02 1.100126150062744728e+03 1.625845119764599986e+03 2.205028944396710813e+03 3.148047699080127131e+03 4.567651988591032932e+03 6.332228797340369056e+03 8.251082313245464320e+03 1.010520376739440508e+04
4.994505115855137345e-01 8.061455300678672131e+01 5.008253303848384803e+02 1.049388329479687854e+03 1.536643821815135652e+03 2.034975857141060715e+03 2.840452510585906111e+03 4.103037054578426250e+03 5.695020974670429496e+03 7.436335602445983568e+03 9.155867071585658778e+03
5.231099308056256225e-01 7.440131954523573654e+01 4.765565494986447561e+02 1.002369459955877119e+03 1.450917181107040051e+03 1.878472583803398038e+03 2.550746186021739504e+03 3.644025704116937050e+03 5.068796945872909419e+03 6.648659249587852173e+03 8.214029199562528447e+03
5.478901179593932413e-01 6.882739477659239924e+01 4.539594952722617904e+02 9.576870362969298185e+02 1.371219842138837976e+03 1.730136835992888791e+03 2.284054677793629253e+03 3.210124284398733835e+03 4.454104250310806492e+03 5.873688633220943302e+03 7.291835356713059809e+03
5.738441648302390341e-01 6.372792727472987906e+01 4.325783752555938690e+02 9.154403852358104814e+02 1.296900489341369394e+03 1.592623954342456273e+03 2.033203023262463603e+03 2.807205205861247123e+03 3.872828700608449708e+03 5.114316451776561735e+03 6.384498793839948121e+03
6.010276782070375079e-01 5.904612356759226799e+01 4.124532120400184567e+02 8.756196131388343247e+02 1.226759984017765873e+03 1.467058467109425465e+03 1.802092072665584283e+03 2.429453559479687556e+03 3.331073293217672472e+03 4.398449477988233411e+03 5.509451437718029410e+03
6.294988990221875858e-01 5.475340588544570153e+01 3.934379422821944559e+02 8.377415771124759658e+02 1.161416467960834325e+03 1.351128779496604693e+03 1.592906126147698842e+03 2.083168956564267774e+03 2.827123714963668590e+03 3.733643488453621558e+03 4.687577830570373408e+03
6.593188271333542128e-01 5.082226932385550811e+01 3.754301849715553772e+02 8.018159758206182914e+02 1.100249567341094462e+03 1.245689395862729953e+03 1.404056709602447881e+03 1.771590242049110657e+03 2.367215060400018046e+03 3.118587739602780402e+03 3.925453112816525390e+03
6.905513520162318564e-01 4.722635887073182914e+01 3.583457196499716133e+02 7.675879279619750832e+02 1.043010766979812615e+03 1.150167700781579015e+03 1.235860766552157884e+03 1.493619236708114840e+03 1.956576995971424594e+03 2.564192212876163921e+03 3.230347659073581326e+03
7.232633896483522395e-01 4.393715296819387106e+01 3.421049671371297336e+02 7.349247607890664540e+02 9.894873768009794048e+02 1.063789257621431034e+03 1.088195143608220860e+03 1.249694927652335082e+03 1.594575629680324028e+03 2.073866637468250701e+03 2.611005474800932461e+03
7.575250258771908385e-01 4.092374726000399932e+01 3.266364910132039654e+02 7.036818769787886367e+02 9.393182219969789912e+02 9.862393938965325333e+02 9.596306749733367951e+02 1.039886874270555609e+03 1.281727809911720442e+03 1.646597851077482801e+03 2.069926147147584288e+03
7.934096665797480963e-01 3.815837955536881054e+01 3.118765380122244437e+02 6.737233957862022180e+02 8.922577150253940772e+02 9.166711125374839639e+02 8.492937658568301913e+02 8.619204400891711657e+02 1.017060208673870534e+03 1.284016751349062361e+03 1.606929049760192356e+03
8.309941949353377710e-01 3.561644072594903321e+01 2.977692934441184889e+02 6.449291432584875565e+02 8.479980196478456946e+02 8.543853312010700165e+02 7.555664776167207037e+02 7.141038854099414266e+02 7.973643426565045047e+02 9.824667027807306567e+02 1.220158091312963734e+03
8.703591361485154554e-01 3.327611272790828423e+01 2.842649801498606621e+02 6.171900358768641581e+02 8.062492403512993633e+02 7.986021726416238380e+02 6.767517103953824744e+02 5.934755585727934886e+02 6.195908840912783262e+02 7.378503654242634866e+02 9.055243161859734755e+02
9.115888299750808388e-01 3.111850124159220954e+01 2.713189303152199159e+02 5.904058279554158162e+02 7.667539336952581834e+02 7.485151317765113390e+02 6.110317614599082390e+02 4.970381605836491303e+02 4.789265047203434165e+02 5.444653226158703774e+02 6.561360322608143179e+02
9.547716114208039118e-01 2.912711445585713932e+01 2.588911264378806436e+02 5.644886313281158436e+02 7.292390988341402362e+02 7.033520960025874729e+02 5.564656495463818828e+02 4.213781878927362641e+02 3.705555280530399500e+02 3.959434841247227155e+02 4.642450886920153152e+02
9.999999999999991118e-01 2.728712943220664044e+01 2.469465882290833179e+02 5.393623234446287142e+02 6.934392629186523891e+02 6.623511056123355729e+02 5.112174924840348922e+02 3.630458443866949096e+02 2.892967037590107680e+02 2.851838676592738580e+02 3.210828957061255551e+02
